20
0.8444218515250481 0.7579544029403025
0.420571580830845 0.25891675029296335
0.5112747213686085 0.4049341374504143
0.7837985890347726 0.30331272607892745
0.4765969541523558 0.5833820394550312
0.9081128851953352 0.5046868558173903
0.28183784439970383 0.7558042041572239
0.6183689966753316 0.25050634136244054
0.9097462559682401 0.9827854760376531
0.8102172359965896 0.9021659504395827
0.3101475693193326 0.7298317482601286
0.8988382879679935 0.6839839319154413
0.47214271545271336 0.1007012080683658
0.4341718354537837 0.6108869734438016
0.9130110532378982 0.9666063677707588
0.47700977655271704 0.8653099277716401
0.2604923103919594 0.8050278270130223
0.5486993038355893 0.014041700164018955
0.7197046864039541 0.39882354222426875
0.824844977148233 0.6681532012318508
48
0 19
0 5
0 8
0 9
0 11
0 14
1 17
1 2
1 12
1 7
2 18
2 3
2 4
2 7
2 13
3 18
3 5
3 7
4 10
4 13
4 6
4 15
5 11
5 18
5 19
6 16
6 10
6 13
6 15
7 18
7 17
7 12
8 9
8 11
8 14
9 11
9 19
9 14
10 16
10 13
10 15
11 19
11 14
12 17
13 16
13 15
15 16
18 19
10
12 1
13 2
1 2
8 11
15 10
6 16
19 5
4 2
7 12
5 3
