12
0.23134224016110616 0.550102440427089
0.6027696626933176 0.6300893957655916
0.03917861565021319 0.8830673352996026
0.8930508243409249 0.15504533548586552
0.725572050481932 0.7964896098470261
0.16555763050508754 0.9049237608334105
0.6909424914612274 0.5736567790706097
0.42692518083456166 0.030947155049118713
0.7118799136123928 0.8379055742705119
0.7111239590410605 0.2540918718605544
0.42436323587769376 0.40678430139255384
0.2466910311990932 0.31168423195775774
64
0 7
0 10
0 3
0 11
0 4
0 5
0 8
0 1
0 6
0 9
0 2
1 3
1 6
1 11
1 2
1 5
1 10
1 4
1 9
1 8
1 7
2 8
2 5
2 4
2 9
2 6
2 10
2 7
2 11
3 11
3 7
3 10
3 6
3 9
3 8
3 4
4 7
4 8
4 9
4 10
4 5
4 11
4 6
5 9
5 6
5 8
5 11
5 10
5 7
6 9
6 7
6 10
6 11
6 8
7 11
7 10
7 9
7 8
8 9
8 10
8 11
9 11
9 10
10 11
