18
0.8730577681190375 0.48562063008401124
0.5575858752256238 0.19258399348305877
0.040734256673601865 0.6859924001071931
0.22256802291102762 0.6848925631397395
0.15229932217105147 0.44155888003548294
0.7368811471148098 0.26130896728598485
0.12339429890082654 0.3980238098096034
0.6136376540963108 0.5116135549231621
0.3214735591464749 0.20973602852505324
0.772888734752408 0.8184137296504045
0.21776438517019914 0.43781832362552087
0.41308548848930526 0.7876157673372771
0.27965349674989015 0.3252845458570972
0.8802908817598208 0.5845837473240576
0.797432878848431 0.40673424795344715
0.5938798217181727 0.08483343699293833
0.3554586354069855 0.873262509078841
0.4223124950097974 0.11015914500652713
37
0 14
0 7
0 5
0 13
1 17
1 15
1 5
1 8
2 6
2 3
2 4
3 11
3 10
3 16
3 4
4 8
4 12
4 10
4 6
5 15
5 7
5 14
6 10
6 12
6 8
7 14
7 13
8 10
8 15
8 17
8 12
9 13
10 12
11 16
12 17
13 14
15 17
