16
0.5922232876214627 0.7340878521639412
0.9615315554426372 0.5826804480921332
0.4500583409258643 0.8195591022368676
0.6070322007040256 0.31204611012251393
0.314946503727735 0.751287412940422
0.08000901206499622 0.0007334254596655931
0.8030376505830961 0.5390621049081312
0.14379275078462528 0.10674911668299025
0.8091056236766853 0.822391858416095
0.730148375472371 0.6100894672389167
0.32168458226330754 0.2008303835098395
0.7872893224817972 0.5857090753358737
0.391383124595431 0.6507223643558724
0.9011171334768742 0.43014849463170846
0.5554740270281497 0.9637860487871794
0.8775946837389418 0.6526829534444871
85
0 10
0 4
0 1
0 14
0 11
0 8
0 2
0 15
0 12
0 6
0 9
0 3
0 13
1 6
1 11
1 12
1 15
1 3
1 14
1 9
1 2
1 13
1 8
2 6
2 11
2 12
2 8
2 13
2 3
2 14
2 4
2 9
2 15
3 7
3 12
3 11
3 6
3 15
3 10
3 9
3 4
3 13
3 8
4 10
4 15
4 12
4 11
4 6
4 8
4 9
4 14
5 10
5 7
6 9
6 10
6 13
6 14
6 11
6 15
6 8
6 12
7 12
7 10
8 15
8 12
8 9
8 13
8 14
8 11
9 14
9 13
9 11
9 12
9 15
9 10
10 12
11 15
11 14
11 13
11 12
12 13
12 14
12 15
13 15
14 15
