12
0.48932499093680104 0.5007440888377596
0.08498892503464794 0.6586633374198776
0.2392260473240302 0.8005641394106427
0.06126122899497355 0.4927859136507129
0.06799518611212019 0.36232440636402474
0.10144426005436247 0.7706248423444642
0.4792328467028866 0.7001470121195889
0.3644153737351338 0.9532230202616836
0.6544638688664053 0.8767632350971041
0.0676480330642606 0.8964043042234151
0.9877292422254446 0.34147327966529106
0.8917269130044999 0.6032877774491758
52
0 2
0 7
0 10
0 3
0 11
0 4
0 5
0 8
0 1
0 6
0 9
1 3
1 6
1 2
1 5
1 4
1 9
1 8
1 7
2 8
2 5
2 9
2 6
2 3
2 7
2 11
2 4
3 7
3 6
3 9
3 5
3 4
4 7
4 9
4 5
4 6
5 9
5 6
5 8
5 7
6 9
6 7
6 10
6 11
6 8
7 11
7 8
7 9
8 9
8 10
8 11
10 11
