18
0.38230174055388644 0.1523339744516895
0.5354473532384341 0.06142404354014985
0.6198127249680482 0.4271401936192081
0.214183857862289 0.24537257748776353
0.4582150542380343 0.6746927395906478
0.9355835317292305 0.47922758548659716
0.010125782390024374 0.9306680944528842
0.3939271137814272 0.5854521580140224
0.5323210456987977 0.5926496476230764
0.4290400188732786 0.30612708771099284
0.5545634160523356 0.33471715016915726
0.20775029087759245 0.9871914629930997
0.4808777031473306 0.0824138611371612
0.7961027020499043 0.809178146523647
0.8399484754770734 0.01832634846355552
0.21050553660183513 0.7436652328034555
0.6680829959428103 0.5000442770294176
0.7757447150024553 0.48034991618707146
2
1 12
2 16
