16
0.48501333335703756 0.9804543488810606
0.5803709881605603 0.203864545548895
0.8926246490989291 0.48130896800916245
0.4588487113094948 0.25182134202510575
0.4637912974513979 0.4497790005715938
0.5431687104640625 0.8123059338898901
0.9818776999563288 0.9594855227923788
0.7003275195933739 0.46721689164512503
0.7492297058401602 0.2917000316560592
0.31854857410485526 0.11821830237931386
0.4245333067620558 0.6044654014355465
0.6740243587164048 0.0849138309861136
0.13230961960914545 0.14184729459404444
0.5542998100345379 0.9139944478606054
0.7599879520903073 0.9796652754690831
0.8398533183042881 0.3404348167820591
64
0 14
0 10
0 5
0 13
0 6
1 3
1 15
1 11
1 2
1 10
1 4
1 9
1 12
1 8
1 7
2 8
2 5
2 6
2 10
2 3
2 7
2 11
2 15
2 4
3 15
3 11
3 7
3 10
3 9
3 12
3 8
3 4
4 7
4 8
4 12
4 9
4 13
4 10
4 5
4 11
4 15
5 6
5 13
5 10
5 7
5 14
6 14
6 13
7 11
7 15
7 10
7 8
7 13
8 9
8 10
8 15
8 11
9 11
9 10
9 12
10 15
10 13
11 15
13 14
