20
0.023441982053138855 0.43626181983464685
0.013083368962720443 0.6432620425804217
0.9112425205870797 0.13067833168726595
0.2906111392888143 0.7461082987412848
0.02345827155934177 0.8404074827492884
0.37855497175214803 0.8828144382582377
0.7545354047728173 0.2730977114602223
0.2686097867430688 0.32702868626082715
0.8245763581362202 0.30671658359680176
0.011982748401267673 0.27895926188527387
0.3199844747813507 0.9850162771325258
0.13092455081079146 0.09263091956484948
0.8726118813815089 0.6103909629304088
0.03119766982492922 0.7690428052470387
0.12033024613434118 0.38479605300578956
0.891062398661692 0.2731974437075321
0.3973217099701114 0.777795898585816
0.09927963048006505 0.7354146659768621
0.045220804723051566 0.7862732439138514
0.726971902185037 0.697519607967627
183
0 7
0 10
0 17
0 4
0 1
0 14
0 11
0 18
0 5
0 8
0 2
0 15
0 12
0 19
0 6
0 9
0 16
0 3
0 13
1 17
1 6
1 11
1 12
1 15
1 16
1 5
1 10
1 19
1 3
1 14
1 4
1 9
1 18
1 7
1 13
1 8
2 5
2 6
2 11
2 12
2 7
2 8
2 19
2 3
2 14
2 9
2 16
2 15
3 7
3 12
3 18
3 11
3 17
3 6
3 5
3 15
3 10
3 16
3 9
3 4
3 14
3 13
3 19
3 8
4 19
4 10
4 5
4 16
4 12
4 11
4 6
4 17
4 8
4 13
4 7
4 18
4 9
4 14
5 8
5 18
5 11
5 14
5 17
5 10
5 7
5 13
5 16
5 9
5 6
5 19
5 12
5 15
6 9
6 7
6 10
6 13
6 16
6 14
6 11
6 17
6 15
6 18
6 8
6 12
6 19
7 12
7 19
7 8
7 15
7 18
7 17
7 11
7 14
7 13
7 16
7 10
7 9
8 15
8 12
8 18
8 9
8 13
8 19
8 10
8 16
8 14
8 11
8 17
9 14
9 16
9 19
9 13
9 18
9 11
9 12
9 15
9 17
9 10
10 17
10 18
10 13
10 14
10 19
10 15
10 16
10 11
10 12
11 15
11 16
11 14
11 19
11 13
11 18
11 12
11 17
12 17
12 13
12 18
12 14
12 19
12 16
12 15
13 17
13 16
13 19
13 15
13 18
13 14
14 17
14 18
14 15
14 19
14 16
15 16
15 19
15 18
15 17
16 19
16 17
16 18
17 18
17 19
18 19
