16
0.0474093218191971 0.5814805182398665
0.41600625797973245 0.2524583653746282
0.17354605046760596 0.19887947780327897
0.9820816335564374 0.03703831792638279
0.8314735043286008 0.08305852850943729
0.794490793909516 0.833611534556987
0.00428441241900579 0.05024060794142782
0.012382213371848305 0.8513269593614242
0.7246698799822215 0.8721773647082018
0.47205379433023975 0.2506922613435455
0.6827881290463526 0.7072901962750926
0.49493905187794696 0.40818741826880145
0.7528947545814593 0.09733332670346351
0.8604560429082688 0.8251580149862343
0.917736387978602 0.3752773781179978
0.4949047474032958 0.79714135252267
112
0 7
0 10
0 4
0 1
0 14
0 11
0 5
0 8
0 2
0 15
0 12
0 6
0 9
0 13
1 6
1 11
1 12
1 15
1 5
1 10
1 3
1 14
1 4
1 9
1 7
1 2
1 13
1 8
2 5
2 6
2 11
2 12
2 7
2 8
2 13
2 3
2 14
2 4
2 9
2 10
2 15
3 12
3 11
3 6
3 5
3 15
3 10
3 9
3 4
3 14
3 13
3 8
4 10
4 5
4 15
4 12
4 11
4 6
4 8
4 13
4 9
4 14
5 8
5 11
5 14
5 10
5 7
5 13
5 9
5 12
5 15
6 9
6 7
6 10
6 14
6 11
6 15
6 12
7 8
7 15
7 11
7 13
7 10
7 9
8 15
8 12
8 9
8 13
8 10
8 14
8 11
9 14
9 13
9 11
9 12
9 15
9 10
10 13
10 14
10 15
10 11
10 12
11 15
11 14
11 13
11 12
12 13
12 14
12 15
13 15
13 14
14 15
