16
0.9854138491334257 0.6492327311215355
0.10690686790245996 0.3059764481366326
0.4034321502988004 0.8831943066798389
0.36631657999674005 0.08110760667919037
0.1300268004801446 0.2334520434399192
0.6834380306479759 0.86711747866087
0.75147157420148 0.24065376662234872
0.9831541712548396 0.017827780163227724
0.8282728545583978 0.9391008709662875
0.8850524243969934 0.03749501923981402
0.3889981221539567 0.10505620036796215
0.503308210909559 0.3963858925617315
0.36196487158559365 0.22716138207077008
0.3059966744095016 0.026951168107653967
0.36180302847853263 0.4316609503585074
0.9616132364639535 0.6492913812817183
10
0 15
1 4
3 12
3 13
3 10
5 8
7 9
10 13
10 12
11 14
