18
0.6981715060719004 0.00938938564116365
0.35639494466703514 0.7492416376352765
0.42090086718139774 0.2399161984602901
0.16610185689305246 0.05148150902790527
0.14570610806157247 0.6884265714144392
0.7236548935885856 0.9662172099494462
0.05837361031595523 0.5697982117845256
0.5732062016446549 0.8516282823777531
0.06163283145184628 0.2853190585037856
0.962794058163956 0.5525677458094622
0.41576280622815975 0.02433078594253646
0.6322628322185885 0.6278100695733293
0.99783162880306 0.2946680154338225
0.574118804776057 0.525651764345221
0.2720479117180331 0.844514291143487
0.6458486686703393 0.3039292019192251
0.5789065139370709 0.8797336318558163
0.9676877452394795 0.22925182780084663
22
0 10
0 15
1 16
1 14
1 4
1 7
2 10
2 15
3 10
3 8
4 14
4 6
5 16
5 7
6 8
7 16
7 11
9 12
11 16
11 13
12 17
13 15
