20
0.40382833106680704 0.9757512670972693
0.7766447786328905 0.9258275614822253
0.458410912283828 0.7479065185112315
0.300782626613568 0.8473441532397259
0.8192335712037153 0.40283985616621754
0.5052710242463283 0.739311750772063
0.9108587990192222 0.09257015152587467
0.8171729197568179 0.09015815626199941
0.8525166000851816 0.9700815534833566
0.11680495798572854 0.8912475155050651
0.11184884148733465 0.5521524778869425
0.5294444990872108 0.15312609034807478
0.26699077051247555 0.2377341274841538
0.38482255415782984 0.6625315060335712
0.4312353513456251 0.557194966830817
0.9870494019204299 0.4480741352284331
0.8544087537337206 0.6541244989437774
0.24676206657817712 0.9043577043040736
0.29011380473024684 0.879260576784278
0.34562574840318017 0.11088003626868637
185
0 7
0 10
0 17
0 4
0 1
0 14
0 11
0 18
0 5
0 8
0 2
0 15
0 12
0 19
0 9
0 16
0 3
0 13
1 17
1 6
1 11
1 12
1 15
1 16
1 5
1 10
1 19
1 3
1 14
1 4
1 9
1 18
1 7
1 2
1 13
1 8
2 5
2 6
2 17
2 11
2 18
2 12
2 7
2 8
2 19
2 13
2 3
2 14
2 4
2 9
2 16
2 10
2 15
3 7
3 12
3 18
3 11
3 17
3 6
3 5
3 15
3 10
3 16
3 9
3 4
3 14
3 13
3 19
3 8
4 19
4 10
4 5
4 16
4 15
4 12
4 11
4 6
4 17
4 8
4 13
4 7
4 18
4 9
4 14
5 8
5 18
5 11
5 14
5 17
5 10
5 7
5 13
5 16
5 9
5 6
5 19
5 12
5 15
6 7
6 10
6 13
6 16
6 14
6 11
6 15
6 8
6 12
6 19
7 12
7 19
7 8
7 15
7 18
7 17
7 11
7 14
7 13
7 16
7 10
8 15
8 12
8 18
8 9
8 13
8 19
8 10
8 16
8 14
8 11
8 17
9 14
9 16
9 19
9 13
9 18
9 11
9 12
9 15
9 17
9 10
10 17
10 18
10 13
10 14
10 19
10 15
10 16
10 11
10 12
11 15
11 16
11 14
11 19
11 13
11 18
11 12
11 17
12 17
12 13
12 18
12 14
12 19
12 16
12 15
13 17
13 16
13 19
13 15
13 18
13 14
14 17
14 18
14 15
14 19
14 16
15 16
15 19
15 18
15 17
16 19
16 17
16 18
17 18
17 19
18 19
