18
0.15700934309534054 0.6719531933498578
0.3975014256701114 0.05947409796687442
0.5098952535180638 0.43867503407154707
0.12060380466014742 0.6844966286434407
0.5024973579122606 0.8715630917025089
0.90130702050999 0.19144279004897036
0.24531961489440124 0.6088427217858321
0.7331951458923823 0.4621564712851697
0.008464061482330476 0.8627517405649692
0.5735911839034524 0.34045354324820043
0.4163687175493248 0.30191971342970314
0.8541613320102573 0.5439142646747286
0.6209872066192813 0.6667061090626831
0.30579875643305776 0.9716248708645996
0.7241356807113948 0.2767777903276112
0.7485914054431523 0.3197738154803461
0.6553199640496702 0.5193451721943128
0.6744888709784879 0.7323440579151305
131
0 7
0 10
0 17
0 4
0 1
0 14
0 8
0 2
0 15
0 12
0 6
0 9
0 16
0 3
0 13
1 6
1 11
1 12
1 15
1 16
1 5
1 10
1 3
1 14
1 9
1 7
1 2
2 5
2 6
2 17
2 11
2 12
2 7
2 8
2 13
2 3
2 14
2 4
2 9
2 16
2 10
2 15
3 7
3 12
3 17
3 6
3 10
3 16
3 9
3 4
3 13
3 8
4 10
4 16
4 15
4 12
4 11
4 6
4 17
4 8
4 13
4 7
4 9
4 14
5 11
5 14
5 17
5 10
5 7
5 16
5 9
5 12
5 15
6 9
6 7
6 10
6 13
6 16
6 14
6 11
6 17
6 15
6 8
6 12
7 12
7 15
7 17
7 11
7 14
7 13
7 16
7 10
7 9
8 12
8 13
8 10
8 17
9 14
9 16
9 13
9 11
9 12
9 15
9 17
9 10
10 17
10 13
10 14
10 15
10 16
10 11
10 12
11 15
11 16
11 14
11 13
11 12
11 17
12 17
12 13
12 14
12 16
12 15
13 17
13 16
14 17
14 15
14 16
15 16
15 17
16 17
