12
0.24477144843492082 0.013407769746880738
0.3649270711640664 0.07183997134046882
0.1794887560683749 0.5762375735494071
0.03279491649028865 0.6395972783529233
0.4902300822503808 0.815465259724765
0.7221536666817154 0.8138361940554137
0.05826300789577721 0.7638104416848546
0.9388260656624338 0.809245115953092
0.964460539738602 0.5884307748906401
0.7322514269943459 0.5374734856420911
0.6041287641326961 0.3276612921989721
0.7504749137878343 0.13015584628343058
17
0 1
1 10
1 11
2 6
2 3
2 4
3 6
4 9
4 5
5 9
5 7
5 8
7 8
7 9
8 9
9 10
10 11
