18
0.22130788138221524 0.8864669165069339
0.3964034483142075 0.6630809083615116
0.6527014686166482 0.2725265872213465
0.4069536127805592 0.5559757190837846
0.6814996011020934 0.446393195128736
0.9148423478517922 0.1276584105759886
0.8078755788972802 0.7063926137084733
0.05957229421852095 0.9614205325173716
0.4753806390285087 0.39085283467689214
0.9898928600930557 0.05288226278585162
0.5265887779291457 0.937149164924498
0.579313936602206 0.3509986987513004
0.856648097820652 0.5121098249485462
0.5052978538397669 0.27759431329707396
0.5345457817080259 0.818285274787313
0.5393302949780253 0.9241707985051737
0.7265919731179015 0.9427681132889794
0.20794309318566373 0.15206147381709556
149
0 7
0 10
0 17
0 4
0 1
0 14
0 11
0 8
0 2
0 15
0 12
0 6
0 16
0 3
0 13
1 17
1 6
1 11
1 12
1 15
1 16
1 5
1 10
1 3
1 14
1 4
1 9
1 7
1 2
1 13
1 8
2 5
2 6
2 17
2 11
2 12
2 7
2 8
2 13
2 3
2 14
2 4
2 9
2 16
2 10
2 15
3 7
3 12
3 11
3 17
3 6
3 5
3 15
3 10
3 16
3 9
3 4
3 14
3 13
3 8
4 10
4 5
4 16
4 15
4 12
4 11
4 6
4 17
4 8
4 13
4 7
4 9
4 14
5 8
5 11
5 14
5 17
5 10
5 13
5 16
5 9
5 6
5 12
5 15
6 9
6 7
6 10
6 13
6 16
6 14
6 11
6 17
6 15
6 8
6 12
7 12
7 8
7 15
7 17
7 11
7 14
7 13
7 16
7 10
8 15
8 12
8 9
8 13
8 10
8 16
8 14
8 11
8 17
9 14
9 16
9 13
9 11
9 12
9 15
9 17
9 10
10 17
10 13
10 14
10 15
10 16
10 11
10 12
11 15
11 16
11 14
11 13
11 12
11 17
12 17
12 13
12 14
12 16
12 15
13 17
13 16
13 15
13 14
14 17
14 15
14 16
15 16
15 17
16 17
