12
0.7626303696439737 0.9434117039198867
0.3521593025743516 0.30464485183229484
0.2457996416221323 0.5312293647661008
0.8601783405912334 0.010253725362718513
0.5778008512440463 0.544799676841101
0.5491022879855386 0.0780029559952029
0.20663938254429814 0.1649038876543143
0.6717864518969843 0.30114828357218004
0.6259033952194485 0.7271856338907577
0.4112217166174944 0.4338078003710658
0.32966674466003965 0.7688563709049696
0.45002573072938634 0.2715734975198457
32
0 8
1 6
1 11
1 2
1 5
1 4
1 9
1 7
2 9
2 6
2 10
2 11
2 4
3 7
3 5
4 7
4 8
4 9
4 10
4 11
5 9
5 6
5 11
5 7
6 9
6 11
7 11
7 9
8 9
8 10
9 11
9 10
