18
0.7365629127536212 0.6383713433460629
0.11471727754307115 0.6152944419643878
0.0807188483595177 0.6011778294949327
0.8413652454927223 0.39099939305581866
0.6700500677075804 0.6997077095472559
0.11385675837512521 0.8298186845715333
0.7961760571336862 0.5814970942382275
0.6936023429695483 0.8269187579681686
0.5669028084892983 0.7921073498512121
0.0619492838590785 0.37403536938541726
0.8101633237061859 0.4130023342798598
0.03690043803475673 0.8880027327337542
0.29652599965069526 0.39570520603890325
0.13910810040382104 0.27789389432522704
0.8288502186434606 0.025838277507845953
0.9027378994350383 0.8064250675432778
0.7398136201956188 0.05301641273113278
0.21679843736141202 0.003034345934609939
6
0 6
0 4
1 2
3 10
5 11
14 16
