16
0.6798202751768472 0.11019268778854319
0.3058066150038604 0.7430302318642149
0.29788033416997206 0.4260204119986123
0.828884541454694 0.3648031239743609
0.8645622667248435 0.8358083863623413
0.8559224735504647 0.0895153176623491
0.3738751364048629 0.8597913665535674
0.6168399352996128 0.5352691076589453
0.6242730126648088 0.781524701147773
0.8584664373963592 0.2076764533658686
0.4552541741945747 0.32445144652442437
0.34810638708539365 0.7379973685291434
0.1284242090377562 0.3345077578504989
0.5111953656044563 0.6068745884483572
0.4095486755863661 0.030007975894382977
0.18472500322307295 0.4844726195129211
43
0 14
0 10
0 3
0 5
0 9
1 15
1 6
1 11
1 2
1 13
1 8
1 7
2 12
2 13
2 15
2 10
2 7
2 11
3 7
3 10
3 13
3 9
3 5
4 7
4 8
5 9
6 11
6 8
6 13
7 11
7 10
7 13
7 8
8 13
8 11
10 15
10 12
10 13
10 14
11 13
11 15
12 15
13 15
