14
0.6293498286846448 0.3489283935810499
0.5252580860624515 0.5062721864714603
0.5241794881760028 0.8819478149580648
0.020224294141052646 0.3772390226129251
0.15385744605183538 0.4241800550842433
0.40465828565556783 0.3666238709723315
0.2525182345625905 0.8168160424539044
0.17448395496723335 0.8600165714343402
0.06860975205347253 0.6772184812111367
0.7473244511387277 0.3771498894629578
0.17216726125005088 0.17950102755958663
0.16209179562217346 0.49905748937626604
0.48974311569484263 0.12396488098006464
0.7864276714847985 0.025662296703306775
76
0 7
0 10
0 3
0 11
0 4
0 12
0 5
0 8
0 1
0 13
0 6
0 9
0 2
1 3
1 6
1 11
1 2
1 5
1 10
1 13
1 4
1 9
1 12
1 8
1 7
2 8
2 5
2 4
2 9
2 6
2 7
2 11
3 11
3 7
3 10
3 6
3 5
3 12
3 8
3 4
4 7
4 8
4 12
4 9
4 10
4 5
4 11
4 6
5 9
5 6
5 13
5 8
5 12
5 11
5 10
5 7
6 9
6 7
6 10
6 11
6 8
7 11
7 10
7 8
8 10
8 11
8 12
9 11
9 10
9 13
9 12
10 11
10 12
10 13
11 12
12 13
