18
0.7142360380165986 0.027882339993920424
0.25802490798449274 0.11591672134737796
0.055618459066267945 0.40296561848684576
0.7283033549062675 0.9255695440660529
0.5919857323570329 0.10571819677515226
0.223942713034484 0.21904807644532653
0.660052921349352 0.1296241336684263
0.1838258359329864 0.8547256871152278
0.5555941798101915 0.42793619405505445
0.5202655143854754 0.44079446930467103
0.3224109745083158 0.3221951903192566
0.13938904179587663 0.06798992908201007
0.550303422674408 0.5814849294432375
0.9793486738420198 0.00347677433494753
0.4280334522810668 0.094152920498074
0.24128162110817564 0.4615564850924254
0.10039400274149135 0.23027772272124059
0.6859446205774113 0.13033062795584094
145
0 10
0 17
0 4
0 1
0 14
0 11
0 5
0 8
0 2
0 15
0 12
0 6
0 9
0 16
0 3
0 13
1 17
1 6
1 11
1 12
1 15
1 16
1 5
1 10
1 14
1 4
1 9
1 7
1 2
1 13
1 8
2 5
2 6
2 17
2 11
2 12
2 7
2 8
2 3
2 14
2 4
2 9
2 16
2 10
2 15
3 7
3 12
3 17
3 6
3 5
3 15
3 10
3 9
3 4
3 14
3 8
4 10
4 5
4 16
4 15
4 12
4 11
4 6
4 17
4 8
4 13
4 7
4 9
4 14
5 8
5 11
5 14
5 17
5 10
5 7
5 13
5 16
5 9
5 6
5 12
5 15
6 9
6 7
6 10
6 13
6 16
6 14
6 11
6 17
6 15
6 8
6 12
7 12
7 8
7 15
7 17
7 11
7 14
7 16
7 10
7 9
8 15
8 12
8 9
8 13
8 10
8 16
8 14
8 11
8 17
9 14
9 16
9 13
9 11
9 12
9 15
9 17
9 10
10 17
10 13
10 14
10 15
10 16
10 11
10 12
11 15
11 16
11 14
11 13
11 12
11 17
12 17
12 13
12 14
12 16
12 15
13 17
13 15
13 14
14 17
14 15
14 16
15 16
15 17
16 17
