12
0.08550686809481589 0.046032176301538996
0.8773687633397556 0.7288062239425458
0.26310582515002756 0.07175882123713229
0.3285874826862889 0.8823701706800702
0.3467219614455429 0.8645901626216053
0.1707726915190998 0.5338357164246892
0.7798688889922855 0.4122954793845516
0.4682985883403894 0.995995423740797
0.10286629266284697 0.3105218165802571
0.9864670107315255 0.4667548973533303
0.15353174378649592 0.19167392010715378
0.46144495189289714 0.37429509444420683
7
0 10
0 2
2 10
3 7
3 4
4 7
8 10
