14
0.12281612671965758 0.39597917592066645
0.1619312083299882 0.40005610448223183
0.23810028186726806 0.59417993718529
0.003612539051792818 0.13424517547755277
0.1953826431089032 0.6063816131320452
0.00393498489488231 0.414251836215355
0.44473029647446227 0.9533522023814829
0.8498907639306535 0.5145918765336608
0.8832817960220263 0.11987164463517386
0.26203558738446653 0.21857960313863034
0.19591299354618785 0.6292530558201909
0.2129510953791547 0.2750390511030746
0.2868960215722758 0.6877924471253326
0.18852338129503998 0.8852681270145946
53
0 2
0 10
0 3
0 11
0 4
0 12
0 5
0 1
0 13
0 9
1 3
1 11
1 2
1 5
1 10
1 13
1 4
1 9
1 12
2 12
2 5
2 9
2 13
2 6
2 10
2 11
2 4
3 11
3 9
3 5
4 12
4 9
4 13
4 10
4 5
4 11
4 6
5 9
5 12
5 11
5 10
6 10
6 12
6 13
7 8
9 11
9 10
9 12
10 11
10 12
10 13
11 12
12 13
