16
0.6279924805595036 0.4977429733776786
0.6441757931695179 0.48448828321655446
0.3272127249131993 0.28589124612764616
0.9616228650719528 0.4767954181445385
0.6837002887684693 0.2804319332150079
0.28470497509036785 0.6463846247100443
0.021681856013544554 0.7218222255772131
0.3364507156107056 0.07556954421952122
0.5250243577019958 0.10908769227330495
0.36758643347385966 0.47613013051324626
0.4785589838667462 0.6353199374876055
0.7803553030779745 0.6352703706817856
0.3274496056957841 0.13798764919466944
0.04533685752258909 0.07161232243019433
0.4464041266512797 0.5473295964662193
0.19564102720233223 0.7519292700114962
116
0 7
0 10
0 4
0 1
0 14
0 11
0 5
0 8
0 2
0 15
0 12
0 6
0 9
0 3
0 13
1 6
1 11
1 12
1 15
1 5
1 10
1 3
1 14
1 4
1 9
1 7
1 2
1 13
1 8
2 5
2 6
2 11
2 12
2 7
2 8
2 13
2 3
2 14
2 4
2 9
2 10
2 15
3 7
3 12
3 11
3 5
3 10
3 9
3 4
3 14
3 8
4 10
4 5
4 15
4 12
4 11
4 6
4 8
4 13
4 7
4 9
4 14
5 8
5 11
5 14
5 10
5 7
5 13
5 9
5 6
5 12
5 15
6 9
6 7
6 10
6 13
6 14
6 11
6 15
6 8
6 12
7 12
7 8
7 15
7 11
7 14
7 13
7 10
7 9
8 15
8 12
8 9
8 13
8 10
8 14
8 11
9 14
9 13
9 11
9 12
9 15
9 10
10 13
10 14
10 15
10 11
10 12
11 15
11 14
11 12
12 13
12 14
12 15
13 15
13 14
14 15
