20
0.8672829799180016 0.7930745956672581
0.3833471065940379 0.7440590960939861
0.9565101545065202 0.08669411839579888
0.468978788614308 0.7664349808868084
0.5197104160118592 0.7879661458890858
0.3233674299793494 0.4143956332782718
0.47137142867049986 0.7666537638258953
0.5026238120329096 0.8810632007650561
0.9406293658309816 0.9001856223176127
0.3386059520884973 0.03836240174241046
0.46275398966878056 0.19318485402147811
0.13718151197456485 0.7071937255841213
0.09636494430321796 0.004564154248721475
0.2856280961357527 0.6856459971656206
0.4585754016755118 0.5957175937616795
0.5920053034985466 0.17864040037617335
0.125968746036749 0.1631057936652861
0.3493364130397467 0.7334534570786049
0.19323289170422353 0.34240999544020767
0.9203961456965108 0.5178845648133074
69
0 7
0 3
0 4
0 8
0 19
0 6
1 3
1 17
1 6
1 11
1 14
1 5
1 7
1 13
1 4
2 15
3 11
3 7
3 17
3 14
3 6
3 13
3 5
3 4
4 7
4 13
4 14
4 11
4 6
4 17
5 9
5 6
5 13
5 18
5 11
5 17
5 15
5 10
5 16
5 14
6 17
6 14
6 7
6 11
6 13
7 14
7 13
7 17
8 19
9 18
9 15
9 10
9 16
9 12
10 15
10 18
10 16
11 14
11 18
11 13
11 17
12 16
12 18
13 17
13 14
13 18
14 17
14 18
16 18
