18
0.2622552853290422 0.3535386652745821
0.548210253090605 0.5627619034790673
0.5446359324411396 0.9514678173957074
0.4284758691275671 0.8863491638267795
0.5121444243253804 0.7834768593863941
0.7523308412108914 0.4654617048165747
0.5616540972320779 0.9500671721193916
0.40175329130862747 0.3744021064077667
0.6622443895608839 0.8606904804288659
0.5324996398927857 0.1292205442935831
0.6590956418605042 0.1685263543832849
0.015289015794997085 0.9046076671354593
0.16639086708518436 0.15040202757133336
0.956890766683884 0.9167453113315032
0.5850174288511496 0.9538909368890128
0.7193586536763802 0.2941087930439992
0.46587332151640126 0.3024521282652133
0.2667861767862285 0.6607536636767158
4
2 14
2 6
6 14
7 16
