18
0.8687990757758004 0.660019061913085
0.43572795359765537 0.16628138741164322
0.33131172384716845 0.23785551745488576
0.7683041516435828 0.9708519376538772
0.49577792838891577 0.15046247298388693
0.4763372806594852 0.43210936532265987
0.6010142763985876 0.13046865952805042
0.6967495016531848 0.9225200269442447
0.3752255828553418 0.5291526233191068
0.07244290917038054 0.45657630871140864
0.0269099192551826 0.5280484271226574
0.25793281313632177 0.7802615874896991
0.2926107296557039 0.8554662383306079
0.12050333297329108 0.4291239678905078
0.5520165427958161 0.5134959037837495
0.38733515327163126 0.6169743837610931
0.23069709625789747 0.1579937652497888
0.6375524973775766 0.7469491867897007
108
0 7
0 17
0 14
0 5
0 8
0 15
0 6
0 3
1 6
1 15
1 16
1 5
1 10
1 14
1 4
1 9
1 2
1 13
1 8
2 5
2 6
2 17
2 11
2 8
2 13
2 14
2 4
2 9
2 16
2 10
2 15
3 7
3 12
3 11
3 17
3 15
3 14
3 8
4 5
4 16
4 15
4 6
4 8
4 13
4 9
4 14
5 8
5 11
5 14
5 17
5 10
5 7
5 13
5 16
5 9
5 6
5 12
5 15
6 13
6 16
6 14
6 15
6 8
7 12
7 8
7 15
7 17
7 11
7 14
8 15
8 12
8 9
8 13
8 10
8 16
8 14
8 11
8 17
9 14
9 16
9 13
9 11
9 12
9 15
9 10
10 13
10 14
10 15
10 16
10 11
10 12
11 15
11 14
11 13
11 12
11 17
12 17
12 13
12 14
12 15
13 16
13 15
13 14
14 17
14 15
14 16
15 16
15 17
