18
0.36158425030294816 0.1715341358573581
0.28776931057124844 0.1512223190520361
0.3975554904438974 0.4267513505932099
0.7156389343359406 0.96972734670685
0.5383700378836106 0.5929416996989165
0.3838275778840291 0.7958832731940421
0.5682983843621852 0.6086457998457059
0.7034616951306522 0.5550781435282577
0.12003430061817377 0.462608808500939
0.7589321922103681 0.22153598018876952
0.7762965099969021 0.585639331092002
0.08134137245174222 0.2955959342180384
0.2846519006669418 0.16784807847559668
0.5716045290651586 0.8132304551136845
0.12281756337639282 0.6521084391997062
0.49462087986310077 0.8432263651462503
0.2903528628831801 0.7711503342898388
0.9211219615412819 0.45306497736085605
110
0 7
0 10
0 4
0 1
0 14
0 11
0 8
0 2
0 12
0 6
0 9
1 6
1 11
1 12
1 14
1 4
1 9
1 7
1 2
1 8
2 5
2 6
2 17
2 11
2 12
2 7
2 8
2 13
2 14
2 4
2 9
2 16
2 10
2 15
3 7
3 17
3 6
3 5
3 15
3 10
3 16
3 4
3 13
4 10
4 5
4 16
4 15
4 12
4 11
4 6
4 17
4 8
4 13
4 7
4 9
4 14
5 8
5 11
5 14
5 10
5 7
5 13
5 16
5 6
5 15
6 9
6 7
6 10
6 13
6 16
6 14
6 11
6 17
6 15
6 8
6 12
7 12
7 8
7 15
7 17
7 14
7 13
7 16
7 10
7 9
8 15
8 12
8 13
8 16
8 14
8 11
9 12
9 17
9 10
10 17
10 13
10 15
10 16
11 16
11 14
11 12
12 14
13 17
13 16
13 15
13 14
14 15
14 16
15 16
15 17
