16
0.13188776601796193 0.8930196124760517
0.12257469940617527 0.3740125821199576
0.8396476883801005 0.6743229470677944
0.29405685359880673 0.47706497583555907
0.9423985610588198 0.1842363307408208
0.24555855465313325 0.17939651667919576
0.5361483061444444 0.6495791263512527
0.6883561309571394 0.23316179573176465
0.004722300058815354 0.2771392899249201
0.258341019587073 0.0028303439924995955
0.25355817252335033 0.5201137970694737
0.5258217185733497 0.00875558265274956
0.5590723711405042 0.1103572361073012
0.3582335015847644 0.6132341744731103
0.29343712699619184 0.5365688645631762
0.12507199218812215 0.21933926709865947
25
1 3
1 15
1 14
1 5
1 10
1 8
3 14
3 10
3 6
3 13
4 7
5 9
5 8
5 15
6 14
6 13
7 12
7 11
8 15
9 15
9 11
10 13
10 14
11 12
13 14
