12
0.21239862991912506 0.8681060936893992
0.05628881524113949 0.5909097749152392
0.6544604216666916 0.035273202085378874
0.037651465724922395 0.9560414937936578
0.9924778792032305 0.04249925845885216
0.5623137046707236 0.8749831237085627
0.1908003670562125 0.7047954670292043
0.5109021694975798 0.29688004263406087
0.08511813557141157 0.3706045058277305
0.2611530673652941 0.24101839901622857
0.5875324256950457 0.6603826889955331
0.5349158009943414 0.7194126819957188
58
0 7
0 10
0 3
0 11
0 5
0 8
0 1
0 6
0 9
1 3
1 6
1 11
1 2
1 5
1 10
1 9
1 8
1 7
2 8
2 5
2 9
2 6
2 10
2 7
2 11
2 4
3 11
3 7
3 10
3 6
3 9
3 5
3 8
4 7
4 9
4 10
4 11
5 9
5 6
5 8
5 11
5 10
5 7
6 9
6 7
6 10
6 11
6 8
7 11
7 10
7 9
7 8
8 9
8 10
8 11
9 11
9 10
10 11
