20
0.19041626300650127 0.14269017651860838
0.21463352541228864 0.444240397461813
0.13444248542944304 0.67861271694059
0.7311002254066552 0.640195622064762
0.81694583001284 0.8099641396575523
0.25845546594319446 0.9280245047748164
0.06766421765535047 0.21035862562603524
0.3430882314665442 0.8980515772273484
0.4065623246102872 0.6247968960462483
0.8177476138303428 0.3837852716295648
0.2132083013791345 0.11581665927527363
0.5816062117691596 0.4294323612567572
0.06031149401477798 0.31206437156514677
0.1581544416676488 0.53918640929268
0.23398455988731115 0.8057866783911133
0.4740603460795769 0.6502676639733851
0.3936816722314237 0.7743216058199234
0.6279941678447313 0.6352997101696274
0.2652777826878656 0.3011929910629221
0.409798419757342 0.5287214528761062
4
0 10
5 7
8 19
8 15
