16
0.6958664973475694 0.09546996650768846
0.49173945894585813 0.49350507439396973
0.6168537144445663 0.19513331606565687
0.06803894033986324 0.7143612473207805
0.4921413802234256 0.6058191430965412
0.2147397272264856 0.9743007870703134
0.03807789643139692 0.9090024800611224
0.07452851777572922 0.7014916904635791
0.16797288855088088 0.9394123089672207
0.2564107180595345 0.1295282120690998
0.418648728866856 0.40861846931850376
0.4580919438828298 0.31595571597321936
0.11071009894890416 0.33890493416191325
0.41351904850578114 0.0203240395366312
0.4221933874476421 0.31546181360018133
0.9778934230091328 0.9223237847394835
115
0 7
0 10
0 4
0 1
0 14
0 11
0 8
0 2
0 15
0 12
0 9
0 3
0 13
1 6
1 11
1 12
1 15
1 5
1 10
1 3
1 14
1 4
1 9
1 7
1 2
1 13
1 8
2 5
2 6
2 11
2 12
2 7
2 8
2 13
2 3
2 14
2 4
2 9
2 10
2 15
3 7
3 12
3 11
3 6
3 5
3 15
3 10
3 9
3 4
3 14
3 13
3 8
4 10
4 5
4 15
4 12
4 11
4 6
4 8
4 13
4 7
4 9
4 14
5 8
5 11
5 14
5 10
5 7
5 13
5 9
5 6
5 12
5 15
6 9
6 7
6 10
6 13
6 14
6 11
6 15
6 8
6 12
7 12
7 8
7 15
7 11
7 14
7 13
7 10
7 9
8 15
8 12
8 9
8 13
8 10
8 14
8 11
9 14
9 13
9 11
9 12
9 10
10 13
10 14
10 15
10 11
10 12
11 15
11 14
11 13
11 12
12 13
12 14
13 14
14 15
