16
0.07266392333433158 0.8742573185646388
0.33490803340073816 0.7101310846815058
0.14080162966355902 0.45020612185603115
0.026227848243575935 0.7361020148217262
0.46153256690468325 0.508729194856376
0.28641412970494673 0.696120398673905
0.24974885370256483 0.21665920695306395
0.9899455415970562 0.3058842874842542
0.1428375171251275 0.9654620447575041
0.8010210309517406 0.5620195416055898
0.12729748580640055 0.5121798040472371
0.9043775167763441 0.025489201380575754
0.9950843428486864 0.8140062538214766
0.16883011573964046 0.4811290494418694
0.8802379500626448 0.31593460464358314
0.16869898903853475 0.3870537587572924
29
0 3
0 5
0 8
1 5
1 10
1 13
1 4
2 5
2 13
2 6
2 10
2 15
3 10
3 13
3 5
3 8
4 13
4 5
5 13
5 10
6 15
6 13
7 11
7 14
9 14
10 15
10 13
11 14
13 15
