18
0.9614410984395039 0.1991366773379677
0.04232141338102724 0.3767017913919498
0.023903874545499026 0.3663871236138948
0.8129352340033463 0.705459283361384
0.40719842830381703 0.3081768818459819
0.6893019128627231 0.3488966404734458
0.12510925394631345 0.32230534943364786
0.43785663555853827 0.2279613490784972
0.33502256526574026 0.7473978662793828
0.347702164319175 0.5430409695478012
0.8876421620419891 0.4054312113155958
0.019778542754598227 0.25366063816934437
0.7743724582160004 0.6721058129099444
0.5865264704395081 0.7032951200272751
0.4002132592955516 0.9353406742063571
0.9805572907532312 0.8289588107442273
0.9295904186650138 0.26463513271323214
0.8841577402610529 0.5591786593301726
33
0 16
0 10
1 6
1 11
1 2
2 6
2 11
3 15
3 17
3 13
3 12
4 7
4 9
4 5
4 6
5 17
5 10
5 16
5 7
6 11
8 13
8 9
8 14
9 13
10 17
10 12
10 16
12 13
12 17
12 15
13 14
15 17
16 17
