16
0.6075567036536117 0.12070997296577102
0.5819788422665223 0.9780484640837318
0.9420163407392208 0.9772967690699033
0.32871378887234626 0.8192200806361598
0.6558298427203662 0.5917635281963362
0.35311386530612177 0.8531586968945759
0.20938416213817357 0.8756644754029143
0.6934412589924637 0.7148133585869079
0.9443742734995323 0.2579606544070695
0.6111342696416333 0.4713727359598784
0.5724725768184203 0.7720172174293857
0.6919296944311205 0.5791526711557529
0.3780394147299554 0.27369924809360724
0.6369303033902867 0.5594180878593377
0.3822248761378789 0.37488680752515013
0.10107601807524691 0.28259530359551877
70
0 14
0 11
0 4
0 12
0 8
0 13
0 9
1 3
1 6
1 11
1 2
1 5
1 10
1 13
1 4
1 7
2 10
2 7
2 11
2 4
3 11
3 7
3 14
3 10
3 6
3 13
3 9
3 5
3 4
4 7
4 8
4 12
4 9
4 13
4 10
4 5
4 14
4 11
5 9
5 6
5 13
5 11
5 10
5 7
5 14
6 10
7 11
7 10
7 14
7 9
7 13
8 13
8 9
8 11
9 11
9 14
9 10
9 13
9 12
10 11
10 13
10 14
11 14
11 13
11 12
12 13
12 14
12 15
13 14
14 15
