16
0.7567483122789526 0.9820352436399922
0.4613177494534746 0.5155916845416395
0.3504245112618034 0.7102804184440403
0.333327108254565 0.7089415804983014
0.6039610126025612 0.7948849353990833
0.5996938474651058 0.11012998878981295
0.5095999983918497 0.5463824309792711
0.22719970333733475 0.0428150023650139
0.5490980984207682 0.5079000374639492
0.12917503340498082 0.11218807430073485
0.9941735374182621 0.9501820942819833
0.07430357545544997 0.9700015401605667
0.9941928157681091 0.3037812967237732
0.4754685796154613 0.449652459116858
0.3722926465601555 0.7866142969576903
0.9600464651662802 0.6185771331482833
39
0 10
0 4
1 3
1 6
1 2
1 14
1 13
1 4
1 8
2 8
2 13
2 6
2 3
2 14
2 11
2 4
3 11
3 14
3 6
3 13
3 8
3 4
4 8
4 13
4 14
4 6
4 15
5 13
5 7
6 14
6 8
6 13
7 9
8 13
8 14
10 15
11 14
12 15
13 14
