10
0.2013648899464714 0.5104439952471441
0.0058246591572370665 0.6342466725918752
0.8639346126731509 0.04689266986364138
0.728281357631559 0.2392153756453549
0.8411959152302736 0.5709687739821038
0.3858140796635612 0.400978557473591
0.6705399488942575 0.9193054390503264
0.10938704570672975 0.7821535283156427
0.9768637353622921 0.0836630783456388
0.007098043602616899 0.9026418296792845
30
0 7
0 3
0 4
0 5
0 1
0 6
0 9
1 6
1 5
1 9
1 7
2 8
2 5
2 3
2 4
3 6
3 5
3 8
3 4
4 7
4 8
4 5
4 6
5 9
5 6
5 8
5 7
6 9
6 7
7 9
