18
0.34456591320494956 0.5110532264749483
0.2279361071639575 0.5786635743658792
0.6138672606160082 0.701996115243604
0.9216217364878202 0.0589054801835972
0.7697945089128614 0.736166105518587
0.5316200146540087 0.010818896344758078
0.5540199739784485 0.8858320839012019
0.9358871324538072 0.021157442412614635
0.921944539287626 0.5750463853102086
0.9262107297755557 0.2779520663348263
0.6737879025186309 0.6482789035108165
0.8426327434174545 0.17349289653951694
0.3562353878728902 0.04698520966698683
0.2948105534943314 0.06894471548051773
0.12495799670284224 0.45414717062342724
0.7853218631295426 0.9487870439822774
0.5204234440707713 0.8710740827231133
0.19344782554351492 0.3303933687501188
41
0 14
0 10
0 17
0 1
0 2
1 17
1 14
2 8
2 4
2 16
2 6
2 10
2 15
3 11
3 7
3 9
3 5
4 8
4 10
4 16
4 6
4 15
5 13
5 12
5 11
6 10
6 15
6 16
7 11
7 9
8 9
8 10
8 15
9 11
10 15
10 16
12 13
12 17
13 17
14 17
15 16
