20
0.3344347028685247 0.03763168285997065
0.8649253031775187 0.5203184570144992
0.8891078149519985 0.67021333994005
0.11071936917033454 0.7224178487543982
0.9003304038758357 0.5116571088285681
0.49622295253705584 0.09009941298476476
0.7862445715549774 0.1395043710034003
0.2553592302025812 0.8507632456641674
0.5445124247696 0.6903000575987693
0.6385548329225681 0.3821653108263773
0.42787843555408656 0.6467665895191511
0.9258438959302062 0.04568308406177446
0.5509801318867843 0.2657277807843812
0.9688510113037768 0.2982769379866439
0.2391300378468303 0.791302571311871
0.9488680877103199 0.9718052848570555
0.28577643681041076 0.9198659210567603
0.7665283325759584 0.8578342893445097
0.30899838308129457 0.2932799424227732
0.19706550627161024 0.025850529582233994
81
0 18
0 12
0 5
0 19
0 6
0 9
1 17
1 15
1 6
1 11
1 2
1 10
1 13
1 4
1 9
1 12
1 8
2 8
2 9
2 13
2 15
2 10
2 17
2 4
3 7
3 14
3 10
3 16
3 8
3 18
4 8
4 12
4 9
4 13
4 10
4 11
4 6
4 15
4 17
5 9
5 6
5 19
5 12
5 18
5 11
6 9
6 11
6 12
6 13
7 16
7 10
7 14
7 8
8 9
8 14
8 10
8 16
8 15
8 17
8 12
8 18
9 18
9 11
9 17
9 10
9 13
9 12
10 17
10 12
10 18
10 16
10 14
11 13
11 12
12 13
12 18
12 19
14 16
15 17
16 17
18 19
