18
0.5740098519122113 0.6598385971846084
0.4717054935209134 0.5129920011287702
0.16287820905315842 0.9964753380837533
0.7918242056809562 0.6105886216326825
0.7314013648386792 0.17178694173725717
0.8324804134440414 0.041969283831219895
0.9182814284120232 0.6118299790818356
0.822732349939189 0.7395346850348133
0.6073039323331458 0.6372609419348257
0.06348333129752115 0.26182190686930606
0.7844957737670116 0.7633297363309378
0.3490832829593967 0.216013448666884
0.6234565239497849 0.13754409604182805
0.9874295017361416 0.0018252406521380715
0.5397145752070456 0.4228325724336881
0.9078990792296032 0.5488805429361217
0.8506810836960044 0.5053991752699499
0.7997282129459017 0.6732245219117468
150
0 7
0 10
0 17
0 4
0 1
0 14
0 11
0 5
0 8
0 2
0 15
0 12
0 6
0 9
0 16
0 3
0 13
1 17
1 6
1 11
1 12
1 15
1 16
1 5
1 10
1 3
1 14
1 4
1 9
1 7
1 2
1 13
1 8
2 6
2 17
2 11
2 12
2 7
2 8
2 3
2 14
2 9
2 16
2 10
2 15
3 7
3 12
3 11
3 17
3 6
3 5
3 15
3 10
3 16
3 9
3 4
3 14
3 13
3 8
4 10
4 5
4 16
4 15
4 12
4 11
4 6
4 17
4 8
4 13
4 7
4 9
4 14
5 8
5 11
5 14
5 17
5 10
5 7
5 13
5 16
5 9
5 6
5 12
5 15
6 9
6 7
6 10
6 13
6 16
6 14
6 11
6 17
6 15
6 8
6 12
7 12
7 8
7 15
7 17
7 11
7 14
7 13
7 16
7 10
7 9
8 15
8 12
8 9
8 13
8 10
8 16
8 14
8 11
8 17
9 14
9 16
9 13
9 11
9 12
9 15
9 17
9 10
10 17
10 13
10 14
10 15
10 16
10 11
10 12
11 15
11 16
11 14
11 13
11 12
11 17
12 17
12 13
12 14
12 16
12 15
13 17
13 16
13 15
13 14
14 17
14 15
14 16
15 16
15 17
16 17
