20
0.8975216674454487 0.6248271941651307
0.5822533205632208 0.6144148852094689
0.9674217892845954 0.300028707060389
0.05490200212003482 0.9565597581148945
0.7277245776157237 0.3631048366439481
0.16129432157028478 0.783690752702817
0.2201804213301215 0.5163702035361569
0.15961136397858489 0.9656512398952385
0.865419977457454 0.0486161772121263
0.42616042874486226 0.6138452482708097
0.4416615299283103 0.862446276210503
0.4157915558988653 0.06798406705974502
0.7969752216374365 0.9784110675546844
0.7862883071809308 0.15036233229237472
0.1721853290923303 0.7183578471163005
0.4210157355496401 0.9563285960384547
0.11929111922882252 0.5629572943513627
0.6332864195761412 0.9717650525589384
0.3270256244728502 0.6988203401667178
0.24424694119957224 0.8081622141467889
94
0 17
0 4
0 1
0 2
0 12
0 9
0 13
1 17
1 6
1 12
1 15
1 16
1 5
1 10
1 19
1 14
1 4
1 9
1 18
1 2
2 8
2 13
2 4
3 7
3 18
3 6
3 5
3 15
3 10
3 16
3 14
3 19
4 11
4 8
4 13
4 9
5 18
5 14
5 10
5 7
5 16
5 9
5 6
5 19
5 15
6 9
6 7
6 10
6 16
6 14
6 11
6 15
6 18
6 19
7 19
7 15
7 18
7 17
7 14
7 16
7 10
7 9
8 13
8 11
9 14
9 16
9 19
9 18
9 15
9 17
9 10
10 17
10 18
10 14
10 19
10 15
10 16
10 12
11 13
12 17
12 15
14 18
14 15
14 19
14 16
15 16
15 19
15 18
15 17
16 19
16 18
17 18
17 19
18 19
