20
0.5340653693299606 0.3091303781762048
0.5103888615922686 0.5915658018365428
0.44456995063025706 0.9547936318254977
0.8113492196689087 0.3729703435999796
0.9242643764590488 0.9436255510783164
0.901123314501404 0.12224880714442543
0.8984296645455567 0.2840775899260961
0.6516081947567485 0.1582030720102946
0.3571545394710618 0.2686810089766143
0.7322109810600732 0.5553509556825691
0.30448717550330595 0.937064920709431
0.8967461730007465 0.6040168456648545
0.12929424913385545 0.9063179161002763
0.45170929249011493 0.46856060729224547
0.003115807900774814 0.11024059692092703
0.35273590581009173 0.728879004182117
0.2678151017737329 0.7291177624220646
0.1258991101005178 0.9092573457731603
0.751081022507958 0.6214961347864317
0.5525301270460882 0.9600004276513038
3
9 18
12 17
15 16
