14
0.8297558108488275 0.17217204511061357
0.18468350750489393 0.017341824295252883
0.927608554320672 0.025717781158449693
0.17017316409896643 0.5726380176163952
0.8569316165808352 0.58418100793199
0.9927713490177659 0.1200317657171196
0.7714694920604446 0.18792628207037498
0.8799295545760143 0.4824037550782899
0.9428854447655219 0.008462939455285867
0.4995374821013916 0.8070285343557432
0.0386540749314086 0.0921972245092928
0.05090154430552429 0.6266881224122158
0.290301793223012 0.41504194193402844
0.054584911759788524 0.5324876961402731
45
0 2
0 7
0 4
0 12
0 5
0 8
0 6
1 3
1 10
1 13
1 12
2 8
2 5
2 6
2 7
2 4
3 11
3 10
3 13
3 9
3 12
4 7
4 8
4 12
4 9
4 5
4 6
5 6
5 8
5 7
6 7
6 12
6 8
7 12
7 9
7 8
9 11
9 13
9 12
10 11
10 12
10 13
11 13
11 12
12 13
