18
0.6923735045236453 0.4189717327289557
0.561233880990723 0.4871081899889277
0.006686396204306111 0.6263395595326696
0.7094500719806575 0.8414242303466991
0.33516664935665497 0.40969444168630287
0.29035819369222127 0.7628262276659569
0.4251517330555411 0.585818827460141
0.15169965692068743 0.26499982856310644
0.7782011999514334 0.37910171126984626
0.22744059644010162 0.9318076304967838
0.7566552250002321 0.9129741366459896
0.6759547356483436 0.13659998751490754
0.7784304876218622 0.33225595928466245
0.673814619256806 0.39518953899408604
0.14437567038565302 0.4016597519906968
0.3387364981829283 0.3230636402174204
0.157858238020126 0.516440636509648
0.8409669576187349 0.2657812690395793
150
0 7
0 10
0 17
0 4
0 1
0 14
0 11
0 5
0 8
0 2
0 15
0 12
0 6
0 9
0 16
0 3
0 13
1 17
1 6
1 11
1 12
1 15
1 16
1 5
1 10
1 3
1 14
1 4
1 9
1 7
1 2
1 13
1 8
2 5
2 6
2 11
2 12
2 7
2 8
2 13
2 3
2 14
2 4
2 9
2 16
2 10
2 15
3 7
3 12
3 11
3 17
3 6
3 5
3 15
3 10
3 16
3 9
3 4
3 14
3 13
3 8
4 10
4 5
4 16
4 15
4 12
4 11
4 6
4 17
4 8
4 13
4 7
4 9
4 14
5 8
5 11
5 14
5 17
5 10
5 7
5 13
5 16
5 9
5 6
5 12
5 15
6 9
6 7
6 10
6 13
6 16
6 14
6 11
6 17
6 15
6 8
6 12
7 12
7 8
7 15
7 17
7 11
7 14
7 13
7 16
7 10
7 9
8 15
8 12
8 9
8 13
8 10
8 16
8 14
8 11
8 17
9 14
9 16
9 13
9 12
9 15
9 10
10 17
10 13
10 14
10 15
10 16
10 11
10 12
11 15
11 16
11 14
11 13
11 12
11 17
12 17
12 13
12 14
12 16
12 15
13 17
13 16
13 15
13 14
14 17
14 15
14 16
15 16
15 17
16 17
