10
0.061777529396420006 0.04937850355004347
0.705131337260839 0.4258351222023057
0.5708657172967943 0.1653508015155628
0.5339010432420023 0.3049507162154633
0.5314779644254032 0.17661800157848795
0.7941721815242356 0.6867617343121406
0.2731946921064685 0.4926152412639784
0.17593670952122875 0.19943173362818045
0.7363031816364743 0.43536541576721355
0.8673619321857852 0.3918258662978632
45
0 2
0 7
0 3
0 4
0 5
0 8
0 1
0 6
0 9
1 3
1 6
1 2
1 5
1 4
1 9
1 8
1 7
2 8
2 5
2 9
2 6
2 3
2 7
2 4
3 7
3 6
3 9
3 5
3 8
3 4
4 7
4 8
4 9
4 5
4 6
5 9
5 6
5 8
5 7
6 9
6 7
6 8
7 8
7 9
8 9
