20
0.9447511125025576 0.13150450937233493
0.09900198064797161 0.5589987492742712
0.2596914406259897 0.3605875790813572
0.49104475795412805 0.5930687521812634
0.7594716233040852 0.171128467389288
0.9930624531861394 0.9020267081553179
0.7161641873225307 0.5347186311105853
0.19269430291815948 0.29552313807629327
0.7134797489501898 0.5703008833217318
0.3301700786445657 0.6413300359750672
0.5567193141687229 0.30215563038295123
0.6455494402486197 0.652723328980374
0.8639624665980292 0.08148419804072426
0.7305978755750404 0.08743458200967669
0.4120419859323702 0.9874985937313424
0.024821214185427154 0.676007401244387
0.1244461835122267 0.9883778606579625
0.19677931321594444 0.294626200463041
0.8750466655182565 0.46014275178778563
0.5540052601510044 0.7364150447758987
120
0 10
0 4
0 18
0 8
0 12
0 6
0 13
1 17
1 11
1 15
1 16
1 10
1 19
1 3
1 14
1 9
1 7
1 2
2 6
2 17
2 11
2 7
2 8
2 19
2 13
2 3
2 4
2 9
2 10
2 15
3 7
3 18
3 11
3 17
3 6
3 5
3 15
3 10
3 16
3 9
3 4
3 14
3 13
3 19
3 8
4 10
4 12
4 11
4 6
4 17
4 8
4 13
4 7
4 18
5 8
5 18
5 11
5 14
5 6
5 19
6 9
6 7
6 10
6 13
6 14
6 11
6 17
6 18
6 8
6 12
6 19
7 19
7 8
7 15
7 17
7 11
7 13
7 10
7 9
8 12
8 18
8 9
8 13
8 19
8 10
8 14
8 11
8 17
9 14
9 16
9 19
9 18
9 11
9 15
9 17
9 10
10 17
10 18
10 13
10 19
10 11
10 12
11 14
11 19
11 13
11 18
11 17
12 13
12 18
13 17
13 18
14 15
14 19
14 16
15 16
15 19
15 17
16 19
17 19
18 19
