16
0.7411676313143752 0.35125537963258746
0.4392027275108623 0.1971940432561332
0.985222926958565 0.147234484508315
0.5363281460820212 0.8699183703370206
0.6954333304818311 0.3127617606564249
0.3872806656268556 0.006351467004811817
0.14117874127185526 0.355562190244345
0.37240735022094007 0.5029621264461066
0.056535632307609496 0.02325307168036972
0.8497559739092825 0.8605485282719554
0.6622334770261757 0.6117277714389833
0.4602904969137037 0.6332725505219514
0.3983206056732759 0.15760165866400933
0.2591386318842478 0.5415053462024115
0.689103383801835 0.6121723444531691
0.5884522246099653 0.8756741864300849
105
0 7
0 10
0 4
0 1
0 14
0 11
0 5
0 8
0 2
0 15
0 12
0 6
0 9
0 3
0 13
1 6
1 11
1 12
1 15
1 5
1 10
1 3
1 14
1 4
1 9
1 7
1 2
1 13
1 8
2 5
2 11
2 12
2 7
2 14
2 4
2 9
2 10
3 7
3 12
3 11
3 6
3 15
3 10
3 9
3 4
3 14
3 13
4 10
4 5
4 15
4 12
4 11
4 6
4 8
4 13
4 7
4 9
4 14
5 8
5 11
5 14
5 10
5 7
5 13
5 6
5 12
6 7
6 10
6 13
6 14
6 11
6 15
6 8
6 12
7 12
7 8
7 15
7 11
7 14
7 13
7 10
7 9
8 12
8 13
8 11
9 14
9 13
9 11
9 15
9 10
10 13
10 14
10 15
10 11
10 12
11 15
11 14
11 13
11 12
12 13
12 14
12 15
13 15
13 14
14 15
