20
0.2079568589372639 0.4645301354922293
0.8279608103274213 0.8862861613959064
0.4590288920742618 0.2932469381286452
0.13608912093316983 0.9591191219618732
0.8075792554737766 0.944254496380137
0.8058445375125302 0.9245628711512136
0.9966636573806382 0.04858090912081858
0.776731091988005 0.4575487553692661
0.8238280599448622 0.14337279957482152
0.8360975017105361 0.24480574254315346
0.1164112478505559 0.05695839432197214
0.019712032325381545 0.7787556501665095
0.5936230233985916 0.442228273251441
0.07957726625617312 0.22824501403379072
0.47643557809623094 0.1845136337520601
0.40804414878457373 0.9914821612132364
0.11252586170917012 0.14697368209089212
0.07047601438486262 0.8532910108469585
0.2423842113483644 0.25221174711018157
0.7626222538894614 0.12739558970915976
162
0 7
0 10
0 17
0 4
0 1
0 14
0 11
0 18
0 5
0 8
0 2
0 15
0 12
0 19
0 6
0 9
0 16
0 3
0 13
1 17
1 6
1 11
1 12
1 15
1 5
1 19
1 3
1 14
1 4
1 9
1 18
1 7
1 2
1 8
2 5
2 6
2 17
2 11
2 18
2 12
2 7
2 8
2 19
2 13
2 3
2 14
2 4
2 9
2 16
2 10
2 15
3 7
3 12
3 18
3 11
3 17
3 5
3 15
3 16
3 4
3 14
3 13
4 19
4 5
4 15
4 12
4 11
4 17
4 8
4 7
4 18
4 9
4 14
5 8
5 18
5 11
5 14
5 17
5 7
5 9
5 6
5 19
5 12
5 15
6 9
6 7
6 10
6 16
6 14
6 18
6 8
6 12
6 19
7 12
7 19
7 8
7 15
7 18
7 17
7 11
7 14
7 13
7 16
7 10
7 9
8 12
8 18
8 9
8 13
8 19
8 10
8 16
8 14
9 14
9 16
9 19
9 13
9 18
9 12
9 15
9 10
10 17
10 18
10 13
10 14
10 19
10 16
10 11
10 12
11 15
11 16
11 14
11 13
11 18
11 12
11 17
12 17
12 13
12 18
12 14
12 19
12 16
12 15
13 17
13 16
13 19
13 15
13 18
13 14
14 17
14 18
14 15
14 19
14 16
15 16
15 18
15 17
16 19
16 17
16 18
17 18
18 19
