18
0.020090698027059317 0.37359345032429214
0.18930301965026153 0.3065634955562748
0.06878453489810732 0.14462146309810342
0.37518829769094897 0.08977320016347234
0.5531361611232781 0.8639747802625062
0.051192192518375035 0.09611893349951783
0.5204292030827964 0.6332763725746637
0.9672468059579962 0.6096583128089743
0.26654718524342447 0.43493902252287386
0.08023231240847017 0.5180825553606068
0.2633823171834646 0.48908498978010295
0.8569469462616831 0.7810058556374623
0.5327162467418577 0.4625022817835408
0.9151683042249258 0.9193323011975701
0.7481031101400898 0.16465007749304916
0.10460977798557869 0.45209561598525894
0.626779513912916 0.7324100458403466
0.19416874142801688 0.5240297066249058
111
0 10
0 17
0 1
0 5
0 8
0 2
0 15
0 12
0 6
0 9
0 3
1 17
1 6
1 12
1 15
1 16
1 5
1 10
1 3
1 14
1 4
1 9
1 2
1 8
2 5
2 6
2 17
2 12
2 8
2 3
2 14
2 9
2 10
2 15
3 12
3 17
3 6
3 5
3 15
3 10
3 16
3 9
3 14
3 8
4 10
4 16
4 15
4 12
4 11
4 6
4 17
4 8
4 13
4 7
4 9
5 8
5 17
5 10
5 9
5 12
5 15
6 9
6 7
6 10
6 13
6 16
6 14
6 11
6 17
6 15
6 8
6 12
7 12
7 11
7 14
7 13
7 16
8 15
8 12
8 9
8 10
8 16
8 14
8 11
8 17
9 16
9 12
9 15
9 17
9 10
10 17
10 14
10 15
10 16
10 11
10 12
11 16
11 14
11 13
11 12
12 17
12 13
12 14
12 16
12 15
13 16
14 17
14 16
15 16
15 17
16 17
