14
0.47426558917058415 0.5987919312881678
0.24238664788165587 0.2042928858491232
0.08980170429244705 0.10083026458535094
0.7227564283705036 0.020171393018268646
0.2278861208983638 0.7949539959958304
0.5776625168551602 0.9287007299613158
0.38395905153627363 0.4598105978179612
0.9341338332044244 0.715487647935164
0.9144151911555428 0.7067198948577161
0.6296818655018946 0.751601453812249
0.13860915358795933 0.5634146059827269
0.09669268379410789 0.14653097210574284
0.6496968125937381 0.7388706473576977
0.12214107585411582 0.5712217803998461
4
2 11
7 8
9 12
10 13
