14
0.31217855134032546 0.471466569129413
0.7575654678009569 0.5242001580700085
0.15053733517981194 0.5075370727848629
0.7486863898240395 0.41946715883157215
0.3003948011725588 0.27926485831383363
0.25642359470398424 0.9494747067479187
0.8279640071821561 0.17379688101981883
0.7886005712545627 0.6947395162667759
0.7344295725844541 0.44514003608113906
0.6085317913233306 0.3244588550518699
0.4586579289883751 0.595799094021797
0.7841186944425954 0.0569127812709147
0.5723626701861457 0.6645643401424477
0.4020051882310227 0.30839142246799534
25
0 2
0 10
0 4
0 13
1 3
1 9
1 12
1 8
1 7
2 4
3 7
3 6
3 9
3 8
4 13
6 9
6 11
6 8
7 12
7 8
8 9
8 12
9 13
10 12
10 13
