16
0.2598318515670125 0.0724708740946216
0.7460594191945895 0.6152798617223525
0.9646089044459826 0.27095129304598553
0.7841194861258588 0.880765516539834
0.6212841384881351 0.8249850062266959
0.16331872954670867 0.8435610679610894
0.9071203433457945 0.16479759116010395
0.8954648798193285 0.5128987155669095
0.03479736518632581 0.5794784760465315
0.6122209623310206 0.06586174478684204
0.44512056169749303 0.9566318770972936
0.8108214154113736 0.26736349988933017
0.9521163093878172 0.3180344839449698
0.7643770582752009 0.6559255528022635
0.06168731909575231 0.9295853698279289
0.32112708664994416 0.43785357798102564
104
0 7
0 4
0 1
0 14
0 11
0 5
0 8
0 2
0 15
0 12
0 6
0 9
0 13
1 6
1 11
1 12
1 15
1 5
1 10
1 3
1 14
1 4
1 9
1 7
1 2
1 13
1 8
2 6
2 11
2 12
2 7
2 13
2 3
2 4
2 9
2 10
2 15
3 7
3 12
3 11
3 6
3 5
3 15
3 10
3 9
3 4
3 14
3 13
3 8
4 10
4 5
4 15
4 12
4 11
4 6
4 8
4 13
4 7
4 9
4 14
5 8
5 11
5 14
5 10
5 7
5 13
5 9
5 15
6 9
6 7
6 13
6 11
6 15
6 12
7 12
7 8
7 15
7 11
7 13
7 10
7 9
8 15
8 9
8 13
8 10
8 14
8 11
9 13
9 11
9 12
9 15
10 13
10 14
10 15
10 11
10 12
11 15
11 13
11 12
12 13
12 15
13 15
13 14
14 15
