18
0.6901198443387171 0.9530914846215341
0.9203646728209894 0.1718323091809315
0.36145823963451607 0.6388968067726459
0.9842014247746177 0.06623692194745756
0.7442069651151754 0.26826813929299653
0.07752705212586919 0.9292660081098973
0.7019306593787434 0.584290824055834
0.016309188477506176 0.6212436629891391
0.24524212181154925 0.49353797730749993
0.7889547215100992 0.021259816011531707
0.7882985037082503 0.6755747895597701
0.46372122236194946 0.02109920663388065
0.5501827902830179 0.5525857078440882
0.09175273989227029 0.4529070856443864
0.05035948802930301 0.9824001135750007
0.013624946342516764 0.8142269875807798
0.7272114841105579 0.4181533441543659
0.04003430179894252 0.9853208449478668
136
0 7
0 10
0 17
0 4
0 1
0 14
0 11
0 5
0 8
0 2
0 15
0 12
0 6
0 9
0 16
0 3
0 13
1 6
1 11
1 12
1 16
1 10
1 3
1 4
1 9
1 2
1 13
1 8
2 5
2 6
2 17
2 11
2 12
2 7
2 8
2 13
2 3
2 14
2 4
2 9
2 16
2 10
2 15
3 12
3 11
3 6
3 10
3 16
3 9
3 4
3 13
3 8
4 10
4 5
4 16
4 15
4 12
4 11
4 6
4 8
4 13
4 7
4 9
4 14
5 8
5 11
5 14
5 17
5 10
5 7
5 13
5 16
5 6
5 12
5 15
6 9
6 7
6 10
6 13
6 16
6 14
6 11
6 17
6 15
6 8
6 12
7 12
7 8
7 15
7 17
7 11
7 14
7 13
7 16
7 10
7 9
8 15
8 12
8 9
8 13
8 10
8 16
8 14
8 11
8 17
9 16
9 13
9 11
9 12
9 10
10 17
10 13
10 14
10 15
10 16
10 11
10 12
11 15
11 16
11 13
11 12
12 17
12 13
12 14
12 16
12 15
13 17
13 16
13 15
13 14
14 17
14 15
14 16
15 16
15 17
16 17
