12
0.5073912162712395 0.6293370624509926
0.7190698362673144 0.20382253277459383
0.6911998054742444 0.9924226208006053
0.3847414856388486 0.04908581205676621
0.9967179358657582 0.5185584421009196
0.8931232132134684 0.4729017943741849
0.9943663715551532 0.9922977249164353
0.10463519477607874 0.8364062963061277
0.652577922537276 0.7594029291873593
0.2257985572581046 0.35387002729220085
0.8088383095233228 0.49355941694082184
0.15058526252951832 0.33760501494891126
16
0 10
0 9
0 8
1 3
1 10
1 5
2 6
2 8
3 11
3 9
4 10
4 5
5 10
5 8
8 10
9 11
