12
0.19139842016376962 0.30808384990823856
0.909196781878579 0.40816810169956586
0.12307762225480157 0.4975572403689529
0.8096437284266105 0.3298319862565754
0.613371937761874 0.812162581570685
0.4302711706486094 0.9989414946554966
0.8789194362670761 0.5195121592865619
0.9641008726278574 0.8987325473060592
0.6090671422395324 0.3734831976221942
0.32241358453758673 0.7053322281509524
0.4506961885165477 0.3662231612951554
0.8975854963268507 0.8874350539299726
42
0 2
0 10
0 8
0 9
1 3
1 6
1 11
1 10
1 4
1 8
1 7
2 8
2 5
2 9
2 10
2 4
3 11
3 7
3 10
3 6
3 8
3 4
4 7
4 8
4 9
4 10
4 5
4 11
4 6
5 9
5 11
5 7
6 9
6 7
6 10
6 11
6 8
7 11
8 9
8 10
8 11
9 10
