20
0.05674161065083427 0.36940489462035153
0.5413412211102149 0.1493108738410096
0.5764206276937133 0.1438030967944166
0.6696221235709395 0.6346095833724789
0.08310468829749684 0.3382753493786007
0.6744797941689488 0.1996967255629173
0.5738907643720061 0.7973667205116478
0.01715158475523737 0.01653039204151585
0.1670240234073569 0.12053278352433305
0.6693623129529582 0.9090083849333771
0.924169374061026 0.8199703488614434
0.6111694775751157 0.16580362999343112
0.8830211390363237 0.40300320326202876
0.5679495228881506 0.005154841841066848
0.39239737431084987 0.2883451761188842
0.6818581153304119 0.1547346320896218
0.8271500926065467 0.5798170609302183
0.4978226911992487 0.6491093786641104
0.5849478381165706 0.6560938544941313
0.9841403233231858 0.6509234508043514
150
0 7
0 17
0 4
0 1
0 14
0 11
0 18
0 5
0 8
0 2
0 15
0 6
0 3
0 13
1 17
1 6
1 11
1 12
1 15
1 16
1 5
1 19
1 3
1 14
1 4
1 18
1 7
1 2
1 13
1 8
2 5
2 6
2 17
2 11
2 18
2 12
2 7
2 8
2 19
2 13
2 3
2 14
2 4
2 16
2 15
3 12
3 18
3 11
3 17
3 6
3 5
3 15
3 10
3 16
3 9
3 4
3 14
3 13
3 19
4 5
4 15
4 11
4 6
4 17
4 8
4 13
4 7
4 18
4 14
5 8
5 18
5 11
5 14
5 17
5 10
5 7
5 13
5 16
5 6
5 19
5 12
5 15
6 9
6 10
6 16
6 14
6 11
6 17
6 15
6 18
6 12
6 19
7 8
7 15
7 11
7 14
7 13
8 15
8 18
8 13
8 14
8 11
8 17
9 14
9 16
9 19
9 18
9 12
9 17
9 10
10 17
10 18
10 19
10 16
10 12
11 15
11 16
11 14
11 19
11 13
11 18
11 12
11 17
12 17
12 13
12 18
12 14
12 19
12 16
12 15
13 17
13 16
13 15
13 18
13 14
14 17
14 18
14 15
14 19
14 16
15 16
15 19
15 18
15 17
16 19
16 17
16 18
17 18
17 19
18 19
