12
0.45409477930900755 0.3788683305433037
0.36961600889502266 0.027858460442793942
0.55399509544186 0.506617619198958
0.7387297804223174 0.5838979684549497
0.6784201991867397 0.5207590264506581
0.6167499323084181 0.2480256945213628
0.5413513230121612 0.8539285092044021
0.443421756449199 0.5037577021604879
0.16414000226668624 0.3070283171979249
0.27526369810471474 0.4093974300790829
0.7292830658007541 0.5266334972087122
0.3005246806414321 0.4826519573143837
66
0 7
0 10
0 3
0 11
0 4
0 5
0 8
0 1
0 6
0 9
0 2
1 3
1 6
1 11
1 2
1 5
1 10
1 4
1 9
1 8
1 7
2 8
2 5
2 4
2 9
2 6
2 10
2 3
2 7
2 11
3 11
3 7
3 10
3 6
3 9
3 5
3 8
3 4
4 7
4 8
4 9
4 10
4 5
4 11
4 6
5 9
5 6
5 8
5 11
5 10
5 7
6 9
6 7
6 10
6 11
6 8
7 11
7 10
7 8
7 9
8 9
8 10
8 11
9 11
9 10
10 11
