18
0.6483677168464946 0.4727906528246508
0.7374518035937992 0.8209400895788824
0.834992459519657 0.06525174513071563
0.5747151644694569 0.6535471731924754
0.27502726926044285 0.595927211083688
0.9489909577483924 0.900973591678931
0.14194911799562437 0.6577987593508394
0.4852225145540533 0.29674444625715857
0.48676438302941927 0.9000679569602796
0.08139688890362318 0.017895523439229177
0.09382642855326839 0.4316147746940392
0.40641454187918236 0.9210821517153185
0.27865026130108395 0.09762730002578945
0.8158846502444635 0.6139356331506312
0.5816061173635811 0.8019481063777509
0.492350739666539 0.2925048282213494
0.5351209957230796 0.17246600972552106
0.8736311600127019 0.2910593593072405
142
0 7
0 10
0 17
0 4
0 1
0 14
0 11
0 5
0 8
0 2
0 15
0 12
0 6
0 9
0 16
0 3
0 13
1 17
1 6
1 11
1 12
1 15
1 16
1 5
1 10
1 3
1 14
1 4
1 7
1 2
1 13
1 8
2 5
2 17
2 12
2 7
2 13
2 3
2 14
2 4
2 9
2 16
2 10
2 15
3 7
3 12
3 11
3 17
3 6
3 5
3 15
3 10
3 16
3 9
3 4
3 14
3 13
3 8
4 10
4 5
4 16
4 15
4 12
4 11
4 6
4 17
4 8
4 13
4 7
4 9
4 14
5 8
5 11
5 14
5 17
5 7
5 13
5 16
5 6
5 15
6 9
6 7
6 10
6 13
6 16
6 14
6 11
6 17
6 15
6 8
6 12
7 12
7 8
7 15
7 17
7 11
7 14
7 13
7 16
7 10
7 9
8 15
8 12
8 13
8 10
8 16
8 14
8 11
8 17
9 16
9 12
9 15
9 17
9 10
10 17
10 13
10 14
10 15
10 16
10 11
10 12
11 15
11 16
11 14
11 13
11 12
11 17
12 17
12 13
12 14
12 16
12 15
13 17
13 16
13 15
13 14
14 17
14 15
14 16
15 16
15 17
16 17
