12
0.24192398540197912 0.024757797041693785
0.6942632697933451 0.4764537852877201
0.8395781667872497 0.40250586223344886
0.6562281764715623 0.5318494420149266
0.4964144024802398 0.9375479394400555
0.5176196404182458 0.6429414146031407
0.23751532073196102 0.8749575077321156
0.4701162056200826 0.679169591445355
0.3602758006127651 0.6290906121728832
0.8170306931306451 0.012533806839953865
0.5800105240869586 0.9373460250558497
0.34866042910661466 0.7634637929649862
39
1 3
1 11
1 2
1 5
1 10
1 9
1 8
1 7
2 5
2 9
2 3
2 7
3 11
3 7
3 10
3 5
3 8
3 4
4 7
4 8
4 10
4 5
4 11
4 6
5 6
5 8
5 11
5 10
5 7
6 7
6 10
6 11
6 8
7 11
7 10
7 8
8 10
8 11
10 11
