16
0.5855969118290663 0.7691046950345711
0.042382987378578485 0.14691112860831468
0.8928649766982037 0.4214079332201732
0.6081509124272128 0.7375461366246552
0.07107147279646286 0.33818414363453053
0.8295114228919853 0.7922639518093696
0.6970467277037832 0.350997868661699
0.9944352915519633 0.8392673244647374
0.574087889534082 0.2503760544850635
0.5747265364156114 0.11910702833066777
0.662776165258427 0.33093303258787476
0.24356449634930666 0.7106881500646349
0.36214384581893067 0.29153032561484626
0.9573448248814601 0.4294883827099978
0.9844325355831904 0.24384338902841773
0.9823488246744866 0.8127289375905145
80
0 7
0 10
0 3
0 15
0 11
0 12
0 5
0 8
0 13
0 6
0 2
1 11
1 4
1 9
1 12
1 8
2 8
2 12
2 5
2 9
2 13
2 6
2 10
2 3
2 14
2 7
2 15
3 15
3 11
3 7
3 10
3 6
3 13
3 5
3 12
3 8
4 8
4 12
4 9
4 10
4 11
5 6
5 13
5 8
5 11
5 15
5 10
5 7
5 14
6 9
6 14
6 7
6 10
6 15
6 11
6 12
6 8
6 13
7 15
7 14
7 13
8 13
8 9
8 14
8 10
8 11
8 12
9 14
9 10
9 13
9 12
10 11
10 15
10 12
10 13
10 14
11 12
13 15
13 14
14 15
