16
0.9492841250670228 0.7982601405676998
0.5351340795298256 0.023275058113268243
0.20279266015376574 0.8135697200460038
0.38822264123856964 0.45957562828124676
0.07820003173822354 0.6019334669575088
0.9550063480361347 0.29001951669843773
0.851988252935541 0.3391735046730928
0.7262705781898618 0.6933837650897634
0.7657113678074687 0.6385752491216989
0.8123265412900358 0.31254170697770745
0.26872817557590545 0.46053698148631905
0.9192609806864013 0.035088202975825045
0.6906997088891293 0.5544899226040727
0.7297566012372272 0.5277838230028974
0.8341446586524991 0.599418260192565
0.23511453670187632 0.3242762065062541
4
6 9
7 8
8 14
12 13
