14
0.32573033701415144 0.3979882525016397
0.0569791553147293 0.19342144850525445
0.4965218802348502 0.041785574323497277
0.4546958807074354 0.47752990207023505
0.53329755980595 0.502549368393593
0.6982899025593107 0.22517211307835294
0.618109854029756 0.6361257413406214
0.5077380437237562 0.2356262370095652
0.6570816996228135 0.3202947118582241
0.9789263207027822 0.31145612076016205
0.8411763675963406 0.7197381203172414
0.2123155481589034 0.7122066633060653
0.26529938991352364 0.2713501148692372
0.8535391628509983 0.3462883188534266
24
0 7
0 3
0 4
0 12
1 12
2 5
2 7
3 7
3 6
3 4
3 12
3 8
4 7
4 8
4 6
5 9
5 13
5 8
5 7
6 10
7 12
7 8
8 13
9 13
