14
0.8569297778490704 0.7169718915524832
0.176840978386005 0.07680319563519455
0.3633566115475787 0.8634480058193074
0.18289715839515108 0.9227762869018687
0.8750425058556669 0.8569199191184556
0.17501382817559819 0.5814752815000009
0.2962489554588611 0.07603157318036446
0.07603858475396263 0.9364266134343474
0.884990957286321 0.9362473958511607
0.11398741425137116 0.6285418660949279
0.4428743367535679 0.8801718231667623
0.5408448057876677 0.3941411852391623
0.33909612917129306 0.6633535397908216
0.1522124800009771 0.03350043225438237
52
0 2
0 10
0 11
0 4
0 12
0 8
1 6
1 11
1 5
1 13
1 9
2 8
2 12
2 5
2 9
2 10
2 3
2 7
2 11
2 4
3 7
3 10
3 9
3 5
3 12
4 8
4 12
4 10
4 11
5 9
5 6
5 13
5 12
5 11
5 10
5 7
6 9
6 11
6 12
6 13
7 12
7 10
7 9
8 10
9 11
9 10
9 13
9 12
10 11
10 12
11 13
11 12
