20
0.820238620761595 0.9635421367718467
0.8162952750977338 0.43538251551603924
0.7863764250482297 0.6448162247531856
0.6159338944101355 0.7065380876803441
0.619149658503941 0.7825345016834462
0.7791217494623022 0.5691852850943693
0.6899764995658161 0.5395886749475788
0.5606338245154497 0.06384977002743253
0.014406620412144244 0.6865519064583097
0.3016703124340948 0.046344262854479346
0.8102517896159134 0.07613125829486689
0.754353081461249 0.017166278045204098
0.5575666202509019 0.7741658703723463
0.27117976506005614 0.0022379699438281886
0.3114356611551341 0.8000116051874013
0.967717424558329 0.9606972416524389
0.6301969509513466 0.8595524341664741
0.1005851176362027 0.8866669371788265
0.7008655230713436 0.3393353797194706
0.6135546113266183 0.9854188492207925
169
0 10
0 17
0 4
0 1
0 14
0 18
0 5
0 8
0 2
0 15
0 12
0 19
0 6
0 16
0 3
1 17
1 6
1 11
1 12
1 15
1 16
1 5
1 10
1 19
1 3
1 14
1 4
1 9
1 18
1 7
1 2
1 13
1 8
2 5
2 6
2 17
2 11
2 18
2 12
2 7
2 8
2 19
2 13
2 3
2 14
2 4
2 9
2 16
2 10
2 15
3 7
3 12
3 18
3 11
3 17
3 6
3 5
3 15
3 10
3 16
3 9
3 4
3 14
3 13
3 19
3 8
4 19
4 10
4 5
4 16
4 15
4 12
4 11
4 6
4 17
4 8
4 13
4 7
4 18
4 9
4 14
5 8
5 18
5 11
5 14
5 17
5 10
5 7
5 13
5 16
5 9
5 6
5 19
5 12
5 15
6 9
6 7
6 10
6 13
6 16
6 14
6 11
6 17
6 15
6 18
6 8
6 12
6 19
7 12
7 8
7 18
7 11
7 14
7 13
7 16
7 10
7 9
8 12
8 18
8 9
8 13
8 19
8 16
8 14
8 17
9 14
9 16
9 13
9 18
9 11
9 12
9 17
9 10
10 18
10 13
10 14
10 15
10 16
10 11
10 12
11 16
11 14
11 13
11 18
11 12
12 17
12 13
12 18
12 14
12 19
12 16
12 15
13 18
13 14
14 17
14 18
14 15
14 19
14 16
15 16
15 19
15 18
15 17
16 19
16 17
16 18
17 18
17 19
18 19
