10
0.14069438349840901 0.8019833022681492
0.8850068380674457 0.4731412507530022
0.6757748572445743 0.981453438854819
0.9646882461098855 0.949262611618837
0.6752320882982665 0.3817564603673872
0.8064337709429623 0.38230529509862987
0.32249261933435547 0.6760197228460021
0.9335656607164637 0.30665209561300133
0.3181415903152779 0.5730309010882773
0.8385686012629037 0.6404666712853735
37
0 2
0 4
0 8
0 6
1 3
1 6
1 2
1 5
1 4
1 9
1 8
1 7
2 8
2 5
2 9
2 6
2 3
2 4
3 7
3 6
3 9
3 5
3 4
4 7
4 8
4 9
4 5
4 6
5 9
5 6
5 8
5 7
6 9
6 8
7 8
7 9
8 9
