20
0.2673090588925088 0.81875229324744
0.5859364031668916 0.5229007269825205
0.26866431418360115 0.9477141267451885
0.8164335470969946 0.19776213183404867
0.052486212172538904 0.6995439316220029
0.732369724759042 0.6055573323754698
0.536367058043788 0.8661075491402456
0.8290956669408354 0.4712085648858698
0.4763051523194112 0.5255035486393211
0.24049569824809736 0.400368881746034
0.6843288640169269 0.894266025186108
0.2817166574125646 0.47772658301901094
0.8823487284064941 0.40411864360923067
0.8182540642362249 0.7070630961121567
0.22038951400675222 0.7995928090185368
0.5772930142082655 0.34453432096427883
0.4864803160461866 0.7683349199773974
0.4663063121265659 0.4494578544499931
0.9230558998699423 0.17800389945233908
0.4971491945909823 0.6857555577779713
91
0 4
0 14
0 11
0 8
0 2
0 19
0 6
0 16
1 17
1 6
1 11
1 12
1 15
1 16
1 5
1 10
1 19
1 3
1 9
1 7
1 13
1 8
2 6
2 19
2 14
2 4
2 16
3 7
3 12
3 18
3 15
4 11
4 9
4 14
5 8
5 17
5 10
5 7
5 13
5 16
5 6
5 19
5 12
5 15
6 10
6 13
6 16
6 14
6 8
6 19
7 12
7 19
7 8
7 15
7 18
7 17
7 13
8 15
8 9
8 13
8 19
8 16
8 14
8 11
8 17
9 14
9 19
9 11
9 15
9 17
10 13
10 19
10 16
11 15
11 16
11 14
11 19
11 17
12 13
12 18
12 15
13 16
13 19
14 19
14 16
15 19
15 18
15 17
16 19
16 17
17 19
