12
0.062514178451749 0.07252554807211786
0.9569083820765396 0.8684168935674323
0.21486316141783846 0.6871755426899832
0.7121787360108651 0.31081242902575335
0.25301793492643176 0.7978926903159748
0.8376176200893432 0.7769675606574182
0.6794874475940611 0.4791946834004591
0.3257355761378241 0.9828163654784379
0.6455319827846008 0.5837164886033005
0.6656037324656945 0.9508358193590609
0.5112916180755742 0.6679877131182919
0.4771145338707199 0.48514314029492545
8
1 5
2 4
3 6
4 7
6 8
8 11
8 10
10 11
