20
0.5668080708983051 0.34432621296052157
0.17774837539356825 0.7539176805561862
0.03153603540114447 0.5922877196790372
0.49061056674704107 0.19186337401012232
0.2923573860710815 0.24780503745247529
0.6426867672908095 0.4671694738311448
0.6782557784179281 0.5422152158092309
0.6688566564896316 0.7116915954271272
0.2579028375716125 0.4982756102238026
0.7902861160452225 0.17385569381647636
0.19371102594317802 0.49427156250357507
0.2044195140757855 0.892157959382565
0.46760468080198203 0.7294367720229441
0.6853569084574931 0.06612894709467299
0.21202757845166287 0.9794222875341861
0.682608611502597 0.8362301588244464
0.9334868546795567 0.28734314439437003
0.6928115079131452 0.49074617788375596
0.2765717909323757 0.8428530028172108
0.913216527977372 0.6549209809023916
189
0 7
0 10
0 17
0 4
0 1
0 14
0 11
0 18
0 5
0 8
0 2
0 15
0 12
0 19
0 6
0 9
0 16
0 3
0 13
1 17
1 6
1 11
1 12
1 15
1 16
1 5
1 10
1 19
1 3
1 14
1 4
1 9
1 18
1 7
1 2
1 13
1 8
2 5
2 6
2 17
2 11
2 18
2 12
2 7
2 8
2 19
2 13
2 3
2 14
2 4
2 9
2 16
2 10
2 15
3 7
3 12
3 18
3 11
3 17
3 6
3 5
3 15
3 10
3 16
3 9
3 4
3 14
3 13
3 19
3 8
4 19
4 10
4 5
4 16
4 15
4 12
4 11
4 6
4 17
4 8
4 13
4 7
4 18
4 9
4 14
5 8
5 18
5 11
5 14
5 17
5 10
5 7
5 13
5 16
5 9
5 6
5 19
5 12
5 15
6 9
6 7
6 10
6 13
6 16
6 14
6 11
6 17
6 15
6 18
6 8
6 12
6 19
7 12
7 19
7 8
7 15
7 18
7 17
7 11
7 14
7 13
7 16
7 10
7 9
8 15
8 12
8 18
8 9
8 13
8 19
8 10
8 16
8 14
8 11
8 17
9 14
9 16
9 19
9 13
9 18
9 11
9 12
9 15
9 17
9 10
10 17
10 18
10 13
10 14
10 19
10 15
10 16
10 11
10 12
11 15
11 16
11 14
11 19
11 13
11 18
11 12
11 17
12 17
12 13
12 18
12 14
12 19
12 16
12 15
13 17
13 16
13 19
13 15
13 18
14 17
14 18
14 15
14 19
14 16
15 16
15 19
15 18
15 17
16 19
16 17
16 18
17 18
17 19
18 19
