14
0.18920617798881234 0.949408618912213
0.048896443477951856 0.17152586302242345
0.6643548786652185 0.8406463682620824
0.4172418111691927 0.016782626317475402
0.27191034523946167 0.058900370798733004
0.6356360271814718 0.018423398849762962
0.6517244909684377 0.0014834661912953573
0.883296122452883 0.6517448784109479
0.3784319570040158 0.9846963967418983
0.6425779550567788 0.30030490337493976
0.5252916604057091 0.07947896242282393
0.515486631396915 0.8573489021479338
0.746544244935672 0.6440921307839426
0.10241529938692673 0.21447715679778234
41
0 11
0 8
0 2
1 3
1 10
1 13
1 4
2 8
2 12
2 9
2 7
2 11
3 10
3 6
3 13
3 9
3 5
3 4
4 9
4 13
4 10
4 5
4 6
5 9
5 6
5 13
5 10
6 9
6 10
6 13
7 12
7 11
7 9
8 11
8 12
9 11
9 10
9 13
9 12
10 13
11 12
