12
0.6837410754330067 0.28496159617696204
0.5872285793143205 0.3296023480275885
0.6009377238673413 0.8797073720181369
0.6823101063299213 0.49847785214073026
0.43840604257323346 0.6775550443955317
0.10131412662266981 0.8032938685375145
0.8092822137664881 0.6443908879449652
0.9674159299172413 0.44485991267297365
0.6378342810356388 0.7620161748154514
0.38165607212819186 0.34468305424272705
0.8983924759823939 0.27455720251809446
0.23467851887180335 0.8244131931822594
64
0 7
0 10
0 3
0 11
0 4
0 5
0 8
0 1
0 6
0 9
0 2
1 3
1 6
1 11
1 2
1 5
1 10
1 4
1 9
1 8
1 7
2 8
2 5
2 4
2 9
2 6
2 10
2 3
2 7
2 11
3 11
3 7
3 10
3 6
3 9
3 5
3 8
3 4
4 7
4 8
4 9
4 10
4 5
4 11
4 6
5 9
5 6
5 8
5 11
6 9
6 7
6 10
6 11
6 8
7 11
7 10
7 8
7 9
8 9
8 10
8 11
9 11
9 10
10 11
