20
0.7252078618319314 0.025680363079658708
0.793520042838704 0.462013394535014
0.6815589605771338 0.6385555816463966
0.8277779480280385 0.15741581720988362
0.27819534908131827 0.7240476337701669
0.7355678437260658 0.7782374340809909
0.39756086656244793 0.7946313520577822
0.5298364628067361 0.49837899225890747
0.04259431306229344 0.4384648500829349
0.47827798959912027 0.745369726180834
0.014684138820558301 0.7976435170198355
0.23996299677649136 0.5486165640868695
0.9403949531896674 0.6714923424071593
0.9280747735230378 0.39025987445627575
0.07334674222037063 0.25934724958581834
0.40349622480867653 0.7904967222552532
0.862775702379988 0.7935267209139215
0.013389224548547851 0.09633146080880728
0.539045381516492 0.6323144196071274
0.1343193071184383 0.2629037698036858
185
0 7
0 17
0 4
0 1
0 14
0 11
0 18
0 5
0 8
0 2
0 15
0 12
0 19
0 6
0 9
0 16
0 3
0 13
1 17
1 6
1 11
1 12
1 15
1 16
1 5
1 10
1 19
1 3
1 14
1 4
1 9
1 18
1 7
1 2
1 13
1 8
2 5
2 6
2 17
2 11
2 18
2 12
2 7
2 8
2 19
2 13
2 3
2 14
2 4
2 9
2 16
2 10
2 15
3 7
3 12
3 18
3 11
3 17
3 6
3 5
3 15
3 16
3 9
3 4
3 14
3 13
3 19
3 8
4 19
4 10
4 5
4 16
4 15
4 12
4 11
4 6
4 17
4 8
4 13
4 7
4 18
4 9
4 14
5 8
5 18
5 11
5 14
5 17
5 10
5 7
5 13
5 16
5 9
5 6
5 19
5 12
5 15
6 9
6 7
6 10
6 13
6 16
6 14
6 11
6 17
6 15
6 18
6 8
6 12
6 19
7 12
7 19
7 8
7 15
7 18
7 17
7 11
7 14
7 13
7 16
7 10
7 9
8 15
8 12
8 18
8 9
8 13
8 19
8 10
8 16
8 14
8 11
8 17
9 14
9 16
9 19
9 13
9 18
9 11
9 12
9 15
9 17
9 10
10 17
10 18
10 14
10 19
10 15
10 16
10 11
10 12
11 15
11 16
11 14
11 19
11 13
11 18
11 12
11 17
12 13
12 18
12 14
12 19
12 16
12 15
13 17
13 16
13 19
13 15
13 18
13 14
14 17
14 18
14 15
14 19
14 16
15 16
15 19
15 18
15 17
16 19
16 18
17 18
17 19
18 19
