16
0.9800236848149444 0.9418349005969776
0.43061396912442085 0.9867547018662968
0.5504160508869524 0.5115250251190798
0.5436957292984117 0.0944337996733241
0.13599969678064328 0.25114346663475406
0.06655704333537082 0.0663450350612198
0.8420921780629208 0.03691005064848074
0.861091411031724 0.7812813458266691
0.8783070333269484 0.6050140756879407
0.009141491902683097 0.3700373083718955
0.9847250656691691 0.5046036972795471
0.8287457133669355 0.6634639278145368
0.9083514787421864 0.24145201428058305
0.29994683023641633 0.37871112679258667
0.9853097304017214 0.0628947362347807
0.11286991083517073 0.8555802287915978
42
0 7
0 10
0 11
0 8
1 15
1 2
1 7
2 8
2 12
2 13
2 10
2 3
2 7
2 11
2 4
3 14
3 6
3 13
3 5
3 12
3 4
4 9
4 13
4 5
5 9
5 13
6 14
6 10
6 12
7 11
7 10
7 8
8 10
8 11
8 12
9 15
9 13
10 11
10 12
10 14
11 12
12 14
