16
0.4674951212396885 0.9734062771283166
0.8723205147431572 0.5865724407878589
0.12423178192296702 0.32062534814288324
0.8053964681913288 0.41819028530624236
0.909790019599728 0.28354916404979347
0.6345887480213773 0.12180784886776774
0.3472983126665766 0.6665945907655276
0.2368800535994502 0.5839706240270708
0.5531913333626576 0.7139890583269877
0.7370184672524884 0.7423094416022961
0.1554064594467458 0.36316199478034483
0.09067266395925089 0.551206723790358
0.9657034070769701 0.3003662964731555
0.9264601523073972 0.8902812019446298
0.3492309999924639 0.39467382290940234
0.7331885117179431 0.13708658791628314
116
0 7
0 10
0 4
0 1
0 14
0 11
0 5
0 8
0 2
0 15
0 12
0 6
0 9
0 3
0 13
1 6
1 11
1 12
1 15
1 5
1 10
1 3
1 14
1 4
1 9
1 7
1 2
1 13
1 8
2 5
2 6
2 11
2 12
2 7
2 8
2 3
2 14
2 4
2 9
2 10
2 15
3 7
3 12
3 11
3 6
3 5
3 15
3 10
3 9
3 4
3 14
3 13
3 8
4 10
4 5
4 15
4 12
4 11
4 6
4 8
4 13
4 7
4 9
4 14
5 8
5 11
5 14
5 10
5 7
5 13
5 9
5 6
5 12
5 15
6 9
6 7
6 10
6 13
6 14
6 11
6 15
6 8
6 12
7 12
7 8
7 15
7 11
7 14
7 13
7 10
7 9
8 15
8 12
8 9
8 13
8 10
8 14
8 11
9 14
9 13
9 11
9 12
9 15
9 10
10 14
10 15
10 11
10 12
11 15
11 14
12 13
12 14
12 15
13 15
13 14
14 15
