18
0.3676727808597945 0.5918984290756669
0.06518165893634398 0.5227141995152
0.8498297232824247 0.0993363428625692
0.5221304138556371 0.40057669400944895
0.9282655312714256 0.17870253880922826
0.16723152561652022 0.22787576374611862
0.5186056664013629 0.31956874012006464
0.6442366647848852 0.9393530032045427
0.033605379249692535 0.04638650826246404
0.9368491382167151 0.09770770143388041
0.5672603522292501 0.6358208051562748
0.489460788722224 0.8857218215758283
0.1312192690832764 0.046754385085886474
0.49551035413766864 0.639981699853911
0.9350840763156592 0.7104083072618742
0.9333364719018314 0.8326364333260601
0.432584894486581 0.6546113358234787
0.6024035709478319 0.20235121050065397
14
0 13
0 16
2 9
2 4
3 6
4 9
5 12
6 17
7 11
8 12
10 16
10 13
13 16
14 15
