16
0.41562575333003193 0.0950585074140845
0.5446046791968563 0.6881609601455927
0.7901423156647905 0.9112816212059938
0.9732233966537865 0.4088742017270315
0.4269070882519923 0.8214293435265061
0.638356827346585 0.24009660183476433
0.9955236879869479 0.5615242338720832
0.938555043795064 0.2917022832388274
0.2572180190819019 0.266225976553501
0.328661667640466 0.5235082637291589
0.12686632905216333 0.893930206798465
0.3971783437917882 0.2557255624755076
0.24122514435064624 0.9450321579398842
0.08586575822270592 0.7662385391363137
0.24511590975926478 0.7439594036339623
0.7986173563101597 0.5994201846495378
68
0 7
0 11
0 5
0 8
0 9
1 3
1 15
1 6
1 11
1 2
1 14
1 5
1 10
1 13
1 4
1 9
1 12
1 8
1 7
2 12
2 15
2 6
2 3
2 14
2 4
3 15
3 11
3 7
3 6
3 5
4 8
4 12
4 9
4 13
4 10
4 14
4 11
4 15
5 9
5 6
5 8
5 11
5 15
5 7
6 7
6 15
7 11
7 15
8 13
8 9
8 14
8 11
9 15
9 11
9 14
9 10
9 13
9 12
10 12
10 13
10 14
11 14
11 13
11 15
12 13
12 14
13 14
14 15
