12
0.3732211331652222 0.25900743993958586
0.6648104549849152 0.0075337824440331325
0.31637522614925184 0.3030990712004057
0.06818983481951912 0.002436831279743701
0.5971676075090124 0.46627395294980134
0.03480741480028593 0.9419313084379446
0.6064287959016526 0.18245304419479513
0.13568259274409245 0.3505958347929956
0.7334287719275171 0.264362752424789
0.6127894482792758 0.7274534210296179
0.2557579069940439 0.7236341015957435
0.6693369053985111 0.6961427451472807
34
0 2
0 7
0 10
0 3
0 4
0 8
0 1
0 6
1 6
1 2
1 4
1 8
2 8
2 6
2 10
2 3
2 7
2 4
3 7
4 7
4 8
4 9
4 10
4 11
4 6
5 10
6 7
6 8
7 10
8 9
8 11
9 11
9 10
10 11
