20
0.6082378050616697 0.14543706927996536
0.7500158081779899 0.31094814835923745
0.8708692082429174 0.562867084173464
0.7986022942994363 0.6041217639920036
0.0687121736931321 0.019354808201953677
0.4548131493174077 0.4081834035347158
0.33610528017914676 0.03341322419279702
0.8941157173174035 0.800164581655192
0.3289784849655253 0.5580067690009879
0.2071121691701352 0.19747860481408597
0.2441376585739813 0.6653423187915328
0.9394721384338992 0.7387721946798422
0.0057900139486694036 0.18578797981067785
0.9911119735307844 0.6275311680931065
0.9791382886311276 0.5252660946616403
0.26091158298405726 0.07751316986511059
0.23032545036413565 0.2128223361876045
0.2942403386080559 0.7213998180057188
0.45507245385404915 0.32423756704314777
0.331605089033461 0.8395104822313826
6
2 3
5 18
6 15
7 11
9 16
10 17
