16
0.23940549942470923 0.2368217023088448
0.21149073967335696 0.03627172730781447
0.10820884933554442 0.1775366044688741
0.6617100403226573 0.27993877302760717
0.9654255011722112 0.17208287027001357
0.578578934867474 0.6903495635859737
0.014997448658686796 0.8792590289922805
0.09377885407772957 0.1966166584802952
0.4025031141086258 0.9599188080367138
0.5614074110669696 0.40013842200845706
0.6798437630545432 0.6971556697128463
0.7303890088810692 0.38798605256678464
0.769295689308137 0.3936196391012271
0.319779624378555 0.7272808198411912
0.55936239300531 0.8783781354605918
0.19547428040250903 0.8912223840202487
101
0 7
0 10
0 4
0 1
0 14
0 11
0 5
0 8
0 2
0 15
0 12
0 6
0 9
0 3
0 13
1 11
1 12
1 5
1 3
1 4
1 9
1 7
1 2
1 13
2 5
2 6
2 11
2 12
2 7
2 13
2 3
2 9
2 10
2 15
3 7
3 12
3 11
3 5
3 15
3 10
3 9
3 4
3 14
3 13
3 8
4 10
4 5
4 12
4 11
4 9
5 8
5 11
5 14
5 10
5 7
5 13
5 9
5 6
5 12
5 15
6 9
6 7
6 10
6 13
6 14
6 15
6 8
7 12
7 15
7 11
7 13
7 10
7 9
8 15
8 12
8 9
8 13
8 10
8 14
8 11
9 14
9 13
9 11
9 12
9 15
9 10
10 13
10 14
10 15
10 11
10 12
11 15
11 14
11 13
11 12
12 13
12 14
12 15
13 15
13 14
14 15
