10
0.49226023138499986 0.7205454284836755
0.8736553307643866 0.13552970115974505
0.6069256945357627 0.017084320599306757
0.6911699039478532 0.8682663174926002
0.912315277194721 0.22185030144725282
0.31440815370222397 0.603477692753291
0.01126643610383582 0.866066009247607
0.606103094338514 0.034755563785658694
0.7855140451025476 0.3592352148373885
0.7110480447464054 0.22497128101759656
33
0 7
0 3
0 4
0 5
0 8
0 1
0 6
0 9
1 2
1 4
1 9
1 8
1 7
2 8
2 5
2 9
2 7
2 4
3 6
3 9
3 5
3 8
3 4
4 7
4 8
4 9
5 9
5 6
5 8
5 7
7 8
7 9
8 9
