18
0.5127229650056616 0.8288273870654238
0.08217569282900938 0.0876300779577962
0.6116094474308662 0.8153573343504393
0.248004878766378 0.9635324068479673
0.8085076230741578 0.6703069386309134
0.03906550443349466 0.9937906913177791
0.18623987541113118 0.2662885864376673
0.8330379628956865 0.9036819604819137
0.3033403298860101 0.7218365822320826
0.7736097649761304 0.9501381611613529
0.292344119415027 0.8952263008266159
0.2673563691909051 0.20165081564102272
0.09599343765048363 0.8324335116820301
0.9756430578963193 0.8408193874736656
0.7514791534499399 0.9141192356537521
0.8887375882757667 0.1068096696317582
0.38225387223189533 0.016496954145886922
0.5545638923105473 0.48500530315034274
46
0 2
0 14
0 7
0 10
0 3
0 17
0 4
0 8
0 9
1 6
1 11
1 16
2 8
2 9
2 13
2 10
2 3
2 14
2 17
2 7
2 4
3 10
3 5
3 12
3 8
4 7
4 9
4 13
4 14
4 17
5 8
5 12
5 10
6 16
6 11
7 14
7 9
7 13
8 10
8 17
8 12
9 14
9 13
10 12
11 16
13 14
