18
0.8730039471025852 0.4488863740539676
0.9170125850067181 0.06631884653588083
0.5029040547178407 0.5095229511884722
0.8707551714554385 0.9580089058312309
0.5248630311854313 0.22817213964128913
0.8071968711065315 0.3921089151958015
0.8151872487718869 0.9170327898674252
0.4643038491559385 0.23285412425736518
0.9779338518240249 0.4251850414255197
0.9193170930688764 0.026720941273345122
0.49164554436077745 0.287123453612553
0.9835141023193599 0.0023945555167164123
0.651353039925094 0.5989494331873174
0.5049111255644875 0.736075248329629
0.3600645896091207 0.7964043071380447
0.5887078663934063 0.4134433832751505
0.23513332437535184 0.5611443876374477
0.5646945265302935 0.6770184796138249
137
0 7
0 10
0 17
0 4
0 1
0 14
0 11
0 5
0 8
0 2
0 15
0 12
0 6
0 9
0 16
0 3
0 13
1 17
1 11
1 12
1 15
1 5
1 10
1 4
1 9
1 7
1 2
1 13
1 8
2 5
2 6
2 17
2 11
2 12
2 7
2 8
2 13
2 3
2 14
2 4
2 9
2 16
2 10
2 15
3 12
3 17
3 6
3 5
3 15
3 10
3 16
3 14
3 13
3 8
4 10
4 5
4 16
4 15
4 12
4 11
4 6
4 17
4 8
4 13
4 7
4 9
4 14
5 8
5 11
5 14
5 17
5 10
5 7
5 13
5 16
5 9
5 6
5 12
5 15
6 7
6 10
6 13
6 16
6 14
6 17
6 15
6 8
6 12
7 12
7 8
7 15
7 17
7 11
7 14
7 13
7 16
7 10
7 9
8 15
8 12
8 9
8 13
8 10
8 16
8 14
8 11
8 17
9 11
9 12
9 15
9 17
9 10
10 17
10 13
10 14
10 15
10 16
10 11
10 12
11 15
11 12
11 17
12 17
12 13
12 14
12 16
12 15
13 17
13 16
13 15
13 14
14 17
14 15
14 16
15 16
15 17
16 17
