14
0.7844571418870265 0.10034672891593
0.4147041449002695 0.7961991333489368
0.8685662817520178 0.9059901711020559
0.6945722203351259 0.25468823819831676
0.312699304987037 0.3293046081359484
0.5901393146721327 0.3773371340252386
0.8853225905750957 0.028850528607409553
0.9218559257461325 0.7342723922457705
0.45986225082863097 0.25323808323678854
0.8877585943914508 0.7962936872597882
0.04871855831380312 0.9243917144980828
0.8924307008845566 0.6958696423616033
0.7687047333517727 0.16886196797534725
0.8156599337050305 0.08364965103060273
50
0 3
0 4
0 12
0 5
0 8
0 13
0 6
1 11
1 2
1 5
1 10
1 4
1 9
1 8
1 7
2 5
2 9
2 7
2 11
3 11
3 7
3 6
3 13
3 9
3 5
3 12
3 8
3 4
4 8
4 12
4 13
4 5
5 9
5 6
5 13
5 8
5 12
5 11
5 7
6 12
6 8
6 13
7 12
7 11
7 9
8 13
8 12
9 11
11 12
12 13
