20
0.8034937795453787 0.5562621020975582
0.5827677171197656 0.36415011733489266
0.21788568909279304 0.26789348925202394
0.28742736565422544 0.9287663528105957
0.706791320581175 0.9219833103545555
0.796947898694884 0.5228047638881379
0.8441035626599557 0.38956069319474196
0.9426731055985158 0.6057599726954337
0.09893957459728953 0.8895904558656977
0.782510481360353 0.9885594859378463
0.787162061879329 0.5568294296041386
0.48877763428989207 0.2135532667193566
0.09562828987461247 0.8776766097729328
0.6920106393714774 0.22691863619843722
0.4962635286646301 0.5897775696601318
0.22078994271526997 0.6202006652084785
0.17185139992428444 0.5866873789756007
0.17116562988515904 0.26337417448358125
0.6557295095421765 0.41992793559328223
0.9839034920390632 0.4805951447110143
99
0 7
0 10
0 4
0 1
0 14
0 11
0 18
0 5
0 19
0 6
0 9
0 13
1 17
1 6
1 11
1 15
1 16
1 5
1 10
1 19
1 14
1 18
1 7
1 2
1 13
2 17
2 11
2 18
2 13
2 14
2 16
2 15
3 12
3 15
3 16
3 9
3 4
3 14
3 8
4 10
4 5
4 7
4 9
4 14
5 18
5 11
5 14
5 10
5 7
5 13
5 9
5 6
5 19
6 7
6 10
6 13
6 14
6 11
6 18
6 19
7 19
7 18
7 14
7 13
7 10
7 9
8 15
8 12
8 16
8 14
9 14
9 10
10 18
10 13
10 14
10 19
10 11
11 15
11 16
11 14
11 13
11 18
11 17
12 14
12 16
12 15
13 19
13 18
13 14
14 17
14 18
14 15
14 19
14 16
15 16
15 18
15 17
16 17
18 19
