14
0.4397728054548309 0.6334749101002278
0.36419646271352957 0.5305902903783295
0.14269757694986074 0.960087664481286
0.16515840551990013 0.8164235423215959
0.7649392205133527 0.17923929885945245
0.13926368207004003 0.08968208169997338
0.2752509449261321 0.8777571606519511
0.9907935110187925 0.6087596092115928
0.9492160419369021 0.2793901450279628
0.37234835993203286 0.036815963533967655
0.5035878274658796 0.5299776935204281
0.1990217737877481 0.11043283254420311
0.9690483682664841 0.6925346074350792
0.6542762929035001 0.4762539282995928
10
0 1
0 10
1 10
2 6
2 3
3 6
5 11
7 12
9 11
10 13
