12
0.5070283918251194 0.5946783289453871
0.2045698445857781 0.18980184750966544
0.31177769644766185 0.4930976337600538
0.2577445063682441 0.8078032331124285
0.9644873301952587 0.10124877928280496
0.10464394217137674 0.6526469569561925
0.1672655776664963 0.9188921589677681
0.2616536834701909 0.9653756907728102
0.814171156404575 0.47558517574180614
0.6995863934337397 0.9059941067279434
0.7768413448882497 0.27741469473417346
0.7464018937356276 0.8049190293234532
62
0 7
0 10
0 3
0 11
0 4
0 5
0 8
0 1
0 6
0 9
0 2
1 3
1 6
1 11
1 2
1 5
1 10
1 4
1 9
1 8
1 7
2 8
2 5
2 4
2 9
2 6
2 10
2 3
2 7
2 11
3 11
3 7
3 10
3 6
3 9
3 5
3 8
4 8
4 9
4 10
4 11
5 9
5 6
5 8
5 11
5 10
5 7
6 9
6 7
6 10
6 11
6 8
7 11
7 10
7 9
7 8
8 9
8 10
8 11
9 11
9 10
10 11
