10
0.488311674100002 0.9295495022220572
0.16442032022495923 0.028546356790455585
0.7332197824864384 0.8086741421598669
0.18551742045013897 0.9087168317039089
0.5190938976089176 0.30706924431958915
0.8508200073513323 0.7070602667117256
0.9100842227956457 0.910310815693955
0.5691727141835659 0.6966065562571873
0.6526182727437183 0.23548159837053306
0.31043519691690213 0.01880593587664725
39
0 2
0 7
0 3
0 4
0 5
0 8
0 6
1 3
1 4
1 9
1 8
1 7
2 8
2 5
2 9
2 6
2 3
2 7
2 4
3 7
3 6
3 9
3 5
3 8
3 4
4 7
4 8
4 9
4 5
4 6
5 9
5 6
5 8
5 7
6 7
6 8
7 8
7 9
8 9
