14
0.4319125585880792 0.8469865174113569
0.297372546472214 0.6669654431900035
0.5493807795529017 0.15980513534885987
0.7910764768956733 0.58607863630748
0.195395350537093 0.21055865523477435
0.555458528623529 0.8450486751684295
0.0891133353668413 0.9538415089095251
0.4659890017270303 0.681764222815377
0.9288014575596264 0.5883209191233114
0.37679837718222897 0.06949731028240158
0.3289710630768712 0.2480594066028714
0.9628307157725866 0.021369120500340455
0.49664793359576065 0.35864981839255405
0.40166779671159836 0.38423970375514926
1
12 13
