12
0.24863338492289355 0.11945939617956991
0.6827792821883999 0.4798809288416953
0.4684535904117102 0.4749985504154991
0.8491879029383136 0.7214358289039896
0.8214279613158574 0.004366343479915491
0.3333380579562769 0.45865480261851854
0.8847911965729409 0.9975927058836374
0.2781067662248049 0.412461219489777
0.6366125981268373 0.38398095296024237
0.7181945663087923 0.8645035469856018
0.5717915811446591 0.031488816672075925
0.3319809437645188 0.026233827183563152
46
0 2
0 7
0 10
0 11
0 4
0 5
0 8
0 1
1 3
1 6
1 11
1 2
1 5
1 10
1 4
1 9
1 8
1 7
2 8
2 5
2 9
2 10
2 3
2 7
2 11
2 4
3 6
3 9
3 5
3 8
4 8
4 10
4 11
5 9
5 8
5 11
5 10
5 7
6 9
7 11
7 10
7 8
8 9
8 10
8 11
10 11
