14
0.9266475383176698 0.8926164743793611
0.5391730287189858 0.7078626545094511
0.13870792574085444 0.7623068617746518
0.4757440926281067 0.3132575232164281
0.16006669595090484 0.8073121066507258
0.3566792181036652 0.9938731766790375
0.1828705684512565 0.8810771627051803
0.09099605901494368 0.6370121351629496
0.20436147395632132 0.8169649988070103
0.5356777674398435 0.6701523045068889
0.5923317103613951 0.7814972717136413
0.5192167908945189 0.5398150027459881
0.6890870934936716 0.29039955647114035
0.6635900469876499 0.9019314331478729
91
0 7
0 10
0 4
0 1
0 11
0 5
0 8
0 2
0 12
0 6
0 9
0 3
0 13
1 6
1 11
1 12
1 5
1 10
1 3
1 4
1 9
1 7
1 2
1 13
1 8
2 5
2 6
2 11
2 12
2 7
2 8
2 13
2 3
2 4
2 9
2 10
3 7
3 12
3 11
3 6
3 5
3 10
3 9
3 4
3 13
3 8
4 10
4 5
4 12
4 11
4 6
4 8
4 13
4 7
4 9
5 8
5 11
5 10
5 7
5 13
5 9
5 6
5 12
6 9
6 7
6 10
6 13
6 11
6 8
6 12
7 12
7 8
7 11
7 13
7 10
7 9
8 12
8 9
8 13
8 10
8 11
9 13
9 11
9 12
9 10
10 13
10 11
10 12
11 13
11 12
12 13
