20
0.05707968585795886 0.8851815510792618
0.27000746392834163 0.11717842678356938
0.6680105505069838 0.5934653587875426
0.7720217560468061 0.9666114819029601
0.3767012118538291 0.8727162202104483
0.23353332319019382 0.9579107011925724
0.517345643730616 0.2611331194724664
0.13302842424024341 0.8315147897790083
0.9884982217975951 0.3113401196219211
0.6711093287059373 0.5940905443488123
0.20994258081553763 0.5472834856628108
0.23958758352499077 0.4867484738865945
0.008084502381618286 0.16077461811164773
0.5061151149834042 0.6256545638836905
0.6293815420300625 0.36374771526698635
0.2259763452994088 0.07050303171516803
0.26743675863297045 0.023749945348940926
0.485418691567979 0.9940448139584025
0.7674442906377346 0.45499496672477013
0.8735020661556652 0.014620312774835775
29
0 7
0 5
1 15
1 6
1 16
1 12
2 18
2 9
2 13
2 14
3 17
4 7
4 13
4 5
4 17
5 17
5 7
6 14
7 10
8 18
9 18
9 14
9 13
10 11
12 16
12 15
13 14
14 18
15 16
