16
0.4023990734605496 0.11658065487374003
0.787860236845134 0.8901323401952864
0.8875810594472364 0.7849513637928193
0.1338485018097495 0.4578065878987666
0.7954875607144475 0.26225357160946716
0.587571924242483 0.26641712582648835
0.4106466504778701 0.6793836357880746
0.7232883510165004 0.712318235542874
0.007792477031014711 0.10948056187594457
0.5663868191794189 0.964294598189816
0.4233092425135322 0.9449999133688987
0.5950593756699214 0.5097190108872316
0.2642245913253012 0.4665874068939283
0.5661251537727054 0.9460555352756944
0.584815754199508 0.6826030979716151
0.1580318235050926 0.4096750999916089
116
0 7
0 10
0 4
0 1
0 14
0 11
0 5
0 8
0 2
0 15
0 12
0 6
0 9
0 3
0 13
1 6
1 11
1 12
1 15
1 5
1 10
1 3
1 14
1 4
1 9
1 7
1 2
1 13
2 5
2 6
2 11
2 12
2 7
2 13
2 3
2 14
2 4
2 9
2 10
2 15
3 7
3 12
3 11
3 6
3 5
3 15
3 10
3 9
3 4
3 14
3 13
3 8
4 10
4 5
4 15
4 12
4 11
4 6
4 8
4 13
4 7
4 9
4 14
5 8
5 11
5 14
5 10
5 7
5 13
5 9
5 6
5 12
5 15
6 9
6 7
6 10
6 13
6 14
6 11
6 15
6 8
6 12
7 12
7 8
7 15
7 11
7 14
7 13
7 10
7 9
8 15
8 12
8 10
8 14
8 11
9 14
9 13
9 11
9 12
9 15
9 10
10 13
10 14
10 15
10 11
10 12
11 15
11 14
11 13
11 12
12 13
12 14
12 15
13 15
13 14
14 15
