12
0.15800945920709408 0.005789265722857206
0.3217146447460837 0.08004829315403184
0.39649195819505423 0.5244015119871623
0.7638177524972353 0.47579807702398624
0.1517466922490922 0.38945397616988864
0.17971517534043635 0.4656504773672959
0.3043940773222187 0.3059941804553117
0.40010602957727825 0.5709996302339372
0.6412879588813201 0.5332721979329919
0.5360482738009819 0.30853559330566216
0.7984289695208362 0.723974775455869
0.2079220899857137 0.029820281166504148
54
0 2
0 11
0 4
0 5
0 1
0 6
0 9
1 3
1 6
1 11
1 2
1 5
1 4
1 9
1 8
1 7
2 8
2 5
2 9
2 6
2 10
2 3
2 7
2 11
2 4
3 7
3 10
3 6
3 9
3 5
3 8
4 7
4 8
4 9
4 5
4 11
4 6
5 9
5 6
5 8
5 11
5 7
6 9
6 7
6 11
6 8
7 11
7 10
7 9
7 8
8 9
8 10
9 11
9 10
