16
0.6196805925214334 0.8184333475496561
0.3457045500165834 0.32401453241860767
0.85910940770793 0.19844390616817142
0.5172186205092083 0.016983085579637014
0.20109740130234421 0.01681548309588443
0.7795400643327874 0.8461215908738525
0.7400270759621385 0.9607322987794424
0.12179744871342768 0.26998970664115685
0.018219864653225448 0.9886967314795377
0.1651891305464861 0.17540551680478
0.5575403487999981 0.8573569948091513
0.7481573094727194 0.5510534716366382
0.45377280169393297 0.4265155829034186
0.3456097649507949 0.7453370077469379
0.41348668283906476 0.5015191483251226
0.9265087394519937 0.4944851121342464
108
0 7
0 10
0 1
0 14
0 11
0 5
0 8
0 2
0 15
0 12
0 6
0 9
0 3
0 13
1 6
1 11
1 12
1 15
1 5
1 10
1 3
1 14
1 4
1 9
1 7
1 2
1 13
1 8
2 5
2 6
2 11
2 12
2 7
2 13
2 3
2 14
2 4
2 9
2 10
2 15
3 7
3 12
3 11
3 5
3 15
3 10
3 9
3 4
3 14
3 13
4 15
4 12
4 11
4 13
4 7
4 9
4 14
5 8
5 11
5 14
5 10
5 7
5 13
5 6
5 12
5 15
6 10
6 13
6 14
6 11
6 15
6 8
6 12
7 12
7 8
7 15
7 11
7 14
7 13
7 10
7 9
8 12
8 9
8 13
8 10
8 14
8 11
9 14
9 13
9 11
9 12
9 15
9 10
10 13
10 14
10 15
10 11
10 12
11 15
11 14
11 13
11 12
12 13
12 14
12 15
13 15
13 14
14 15
