16
0.29072997961234726 0.7711442006832554
0.6442297270102055 0.2259906050251832
0.20014967908970327 0.21435099186927042
0.6540871779513254 0.35693121303463704
0.8842174310914092 0.07684302276777377
0.6664274965602353 0.05533615129921998
0.7687876630199062 0.2537040155221465
0.32196466096849463 0.6057107944985587
0.659397925122173 0.5725134876690378
0.15621750707406168 0.17594920979594708
0.0167564996680849 0.6126131731026266
0.6681662109295167 0.19611708022336904
0.027294667495373015 0.8985869335150494
0.6789538622337573 0.8053637095736904
0.6653654158751893 0.4256303403428465
0.9263521856458813 0.41831129871424455
116
0 7
0 10
0 4
0 1
0 14
0 11
0 5
0 8
0 2
0 15
0 12
0 6
0 9
0 3
0 13
1 6
1 11
1 12
1 15
1 5
1 10
1 3
1 14
1 4
1 9
1 7
1 2
1 13
1 8
2 5
2 6
2 11
2 12
2 7
2 8
2 13
2 3
2 14
2 4
2 9
2 10
2 15
3 7
3 12
3 11
3 6
3 5
3 15
3 10
3 9
3 4
3 14
3 13
3 8
4 5
4 15
4 11
4 6
4 8
4 13
4 7
4 9
4 14
5 8
5 11
5 14
5 10
5 7
5 13
5 9
5 6
5 15
6 9
6 7
6 10
6 13
6 14
6 11
6 15
6 8
6 12
7 12
7 8
7 15
7 11
7 14
7 13
7 10
7 9
8 15
8 12
8 9
8 13
8 10
8 14
8 11
9 14
9 13
9 11
9 12
9 15
9 10
10 13
10 14
10 15
10 11
10 12
11 15
11 14
11 13
11 12
12 13
12 14
13 15
13 14
14 15
