20
0.10639987184604383 0.8500114761020059
0.5336899087195384 0.10329686442932129
0.5574466469135291 0.3950662164508346
0.9212178729235901 0.4870539659484342
0.25373656481784346 0.6515323157053753
0.9167302286376718 0.6740087727389837
0.43223610021802683 0.30782823469134846
0.9315141796443152 0.19712803208515517
0.20054458359416905 0.9445327731767754
0.6755780331544112 0.165934099394911
0.4210529906454884 0.5311979691284343
0.5120862210100443 0.11483025005289382
0.8188111874892857 0.07117706558812775
0.9000809372774352 0.9124680595912014
0.9558621205680053 0.8521865424387267
0.04120848364873808 0.956957353779923
0.9622049330775735 0.05244503982923654
0.3009541773522857 0.25467697152608126
0.9429071519130825 0.11684969649246135
0.4091245150508299 0.24363035523932608
44
0 15
0 4
0 8
1 17
1 6
1 11
1 2
1 19
1 9
1 12
2 19
2 9
2 6
2 10
2 17
2 11
3 7
3 5
4 8
4 10
5 13
5 14
6 9
6 17
6 10
6 11
6 19
7 12
7 16
7 18
7 9
8 15
9 18
9 11
9 19
9 12
10 19
11 19
11 17
12 16
12 18
13 14
16 18
17 19
