20
0.5994292496846158 0.31312128482189316
0.05559000911275058 0.26180001997332303
0.23168761787798653 0.2154573274943664
0.19992024795395402 0.28210862188503605
0.21793179980187893 0.3049268728580947
0.7547784910809557 0.2870855975875308
0.010429092613399749 0.41771021148344445
0.31664997920372306 0.9483005686449366
0.24337499564285303 0.4349135376746801
0.5459193761322622 0.4195472587528595
0.9236785275889444 0.27161515821620097
0.17261224782646245 0.6217696355343785
0.8888755823112818 0.0903687176864213
0.1471571091158862 0.19322759463463668
0.8994853273700231 0.4848837049399386
0.9585618578451315 0.5847942267635543
0.47649368337693754 0.734502529834587
0.7587773029736615 0.15153248500440508
0.5431144933407875 0.08014971296297635
0.7753510187961119 0.30187390636603684
182
0 7
0 10
0 17
0 4
0 1
0 14
0 11
0 18
0 5
0 8
0 2
0 15
0 12
0 19
0 6
0 9
0 16
0 3
0 13
1 17
1 6
1 11
1 12
1 16
1 5
1 10
1 19
1 3
1 14
1 4
1 9
1 18
1 7
1 2
1 13
1 8
2 5
2 6
2 17
2 11
2 18
2 12
2 7
2 8
2 19
2 13
2 3
2 14
2 4
2 9
2 16
2 10
2 15
3 7
3 12
3 18
3 11
3 17
3 6
3 5
3 15
3 10
3 16
3 9
3 4
3 14
3 13
3 19
3 8
4 19
4 10
4 5
4 16
4 15
4 12
4 11
4 6
4 17
4 8
4 13
4 7
4 18
4 9
4 14
5 8
5 18
5 11
5 14
5 17
5 10
5 7
5 13
5 16
5 9
5 6
5 19
5 12
5 15
6 9
6 7
6 13
6 16
6 14
6 11
6 17
6 18
6 8
6 19
7 19
7 8
7 15
7 18
7 11
7 14
7 13
7 16
7 9
8 15
8 12
8 18
8 9
8 13
8 19
8 10
8 16
8 14
8 11
8 17
9 14
9 16
9 19
9 13
9 18
9 11
9 12
9 15
9 17
9 10
10 17
10 18
10 13
10 14
10 19
10 15
10 16
10 11
10 12
11 15
11 16
11 14
11 19
11 13
11 18
11 12
11 17
12 17
12 13
12 18
12 14
12 19
12 16
12 15
13 17
13 16
13 19
13 18
13 14
14 17
14 18
14 15
14 19
14 16
15 16
15 19
15 18
15 17
16 19
16 17
16 18
17 18
17 19
18 19
