14
0.011785305588765671 0.29035314173471427
0.4785421167191677 0.44336932983254185
0.31728096440086884 0.31249213507348306
0.6139494254391025 0.6148619527533833
0.7274526846365307 0.0030435178418327657
0.4011764049763846 0.3383735586487351
0.8569604422147615 0.3244696401171555
0.8084502558527097 0.8516691512117951
0.9388651819631432 0.27561359565838983
0.593232352517449 0.21748100673208215
0.7363672797840829 0.3733128924282956
0.10784363692110244 0.2121979889623038
0.350363925386703 0.9761746778075191
0.69930134436285 0.4577773113031105
37
0 11
0 5
0 2
1 3
1 6
1 2
1 5
1 10
1 13
1 9
2 5
2 9
2 11
3 7
3 10
3 6
3 13
3 9
3 5
4 8
4 9
4 10
4 6
5 9
5 13
5 11
5 10
6 9
6 10
6 8
6 13
8 13
8 9
8 10
9 10
9 13
10 13
