12
0.9624994085691215 0.6149710082042071
0.2848016029846121 0.280242219441568
0.41391028645072925 0.4518284026484043
0.8495996589112271 0.9560280730121117
0.6730870017206735 0.2968923958511106
0.07914341724068641 0.041404036433941194
0.07875147326154674 0.2950148458929722
0.6936377890090514 0.517015327516438
0.47997860729852526 0.6530406540105262
0.3788591555861177 0.24905972369333795
0.63572435181213 0.11950498356851835
0.12400799633701154 0.5046503475424856
54
0 2
0 7
0 10
0 3
0 4
0 8
0 9
1 6
1 11
1 2
1 5
1 10
1 4
1 9
1 8
1 7
2 8
2 5
2 9
2 6
2 10
2 3
2 7
2 11
2 4
3 7
3 8
3 4
4 7
4 8
4 9
4 10
4 5
4 11
4 6
5 9
5 6
5 11
5 10
6 9
6 7
6 10
6 11
6 8
7 11
7 10
7 9
7 8
8 9
8 10
8 11
9 11
9 10
10 11
