14
0.10941187364479332 0.058636080265809465
0.42998493125831805 0.7526284602308748
0.9206609619962726 0.5199304675314063
0.32326334804944024 0.3442967359984934
0.5132780251581471 0.5353934085748948
0.9047340137521925 0.3739136871815548
0.8130809016724937 0.39913030716832776
0.9236095647654264 0.9721257667532135
0.6684228679573586 0.6502204676739461
0.8321807022635553 0.7040897145809455
0.8674230157012953 0.5453539280558136
0.21997570641442132 0.51762387867966
0.18494861802091567 0.4255586998206211
0.6517551690672871 0.4013552402859347
39
0 3
0 12
1 11
1 4
1 8
2 8
2 5
2 9
2 13
2 6
2 10
3 11
3 13
3 12
3 4
4 8
4 12
4 9
4 13
4 10
4 11
4 6
5 9
5 6
5 13
5 8
5 10
6 9
6 10
6 8
6 13
7 9
8 13
8 9
8 10
9 10
9 13
10 13
11 12
