18
0.46876890418475425 0.28510142327567134
0.04502602341416895 0.9190815115770041
0.9378237379063208 0.16130894513606608
0.5722818544098073 0.16492341833441582
0.9257771981665266 0.6173791505878425
0.0745436576239763 0.8349345655563833
0.2670092338132175 0.3385171470088485
0.060570310636080094 0.698986559852901
0.4496254176784905 0.5024432164448012
0.9480966832333542 0.3733912182523904
0.37586655276335523 0.648683476701255
0.1854252353638529 0.49070796992053944
0.4570888565030298 0.04804817610724976
0.5457793399166916 0.8695126746441462
0.24535097497661296 0.6274394559231264
0.45637431570725684 0.8447236533673314
0.2487422062309127 0.5132831161355725
0.5820608733933341 0.2692319994200656
35
0 3
0 17
0 12
0 8
0 6
1 5
1 7
2 9
3 17
3 12
4 9
5 7
5 14
6 14
6 11
6 8
6 16
7 16
7 11
7 14
8 14
8 10
8 16
8 11
8 17
10 11
10 15
10 13
10 16
10 14
11 16
11 14
12 17
13 15
14 16
