16
0.6217237855479578 0.5596427032428078
0.8432996800767731 0.9479524300092517
0.7438109697371456 0.5794141943196418
0.11860472741507011 0.0054539517370322255
0.29569886231328935 0.040291751677742016
0.26865470689553606 0.15319139961952677
0.7601482819170016 0.5369489331190942
0.8074456187049737 0.481274391099047
0.33717909607588203 0.8558469450330782
0.09743242837251376 0.4096628098704461
0.2878794087638661 0.20903447711653833
0.5597464061877343 0.08588973420378931
0.7779569108526785 0.4878312907230604
0.007275225735759783 0.09927415553651653
0.1569199981652497 0.20633816826724038
0.7277888142448181 0.9525301834501414
86
0 7
0 10
0 4
0 1
0 14
0 11
0 5
0 8
0 2
0 15
0 12
0 6
0 9
1 6
1 12
1 15
1 7
1 2
1 8
2 5
2 6
2 11
2 12
2 7
2 8
2 14
2 9
2 10
2 15
3 11
3 5
3 10
3 9
3 4
3 14
3 13
4 10
4 5
4 12
4 11
4 6
4 13
4 7
4 9
4 14
5 11
5 14
5 10
5 7
5 13
5 9
5 6
5 12
6 9
6 7
6 10
6 14
6 11
6 15
6 8
6 12
7 12
7 8
7 15
7 11
7 10
8 15
8 12
8 9
8 10
8 14
9 14
9 13
9 11
9 12
9 10
10 13
10 14
10 11
10 12
11 14
11 13
11 12
12 14
12 15
13 14
