18
0.8562551816776556 0.40832507012556374
0.4116109139212085 0.11525841397612435
0.9534778095637378 0.5972431221198069
0.8699033559629751 0.7307600258850961
0.490771837935163 0.40735759670567073
0.5304628053042305 0.6391333907991825
0.23662340404558913 0.7132975094898698
0.03017434041711431 0.9692822652389826
0.6061927021090134 0.00538959967391528
0.03406819568727504 0.12051790146227359
0.15302308562167477 0.7463474902502404
0.8598975156245239 0.8660543129773093
0.1712550284807982 0.9785862487953023
0.44143128608026827 0.2505634687189624
0.37993990383253007 0.28029920799407837
0.34165769630900344 0.7355545982367049
0.6640670830595647 0.8035209442248837
0.7121637619548139 0.1428644248976373
107
0 17
0 4
0 1
0 14
0 11
0 5
0 8
0 2
0 15
0 6
0 16
0 3
0 13
1 17
1 6
1 15
1 5
1 10
1 14
1 4
1 9
1 13
1 8
2 5
2 17
2 11
2 8
2 13
2 3
2 14
2 4
2 16
2 15
3 11
3 17
3 6
3 5
3 15
3 16
3 4
3 14
3 13
4 10
4 5
4 16
4 15
4 12
4 11
4 6
4 17
4 8
4 13
4 9
4 14
5 8
5 11
5 14
5 17
5 10
5 7
5 13
5 16
5 6
5 12
5 15
6 9
6 7
6 10
6 13
6 16
6 14
6 11
6 15
6 12
7 12
7 15
7 16
7 10
8 9
8 13
8 14
8 17
9 14
9 13
9 15
9 17
9 10
10 13
10 14
10 15
10 16
10 12
11 15
11 16
11 12
12 16
12 15
13 17
13 16
13 15
13 14
14 17
14 15
14 16
15 16
15 17
16 17
