20
0.15356823015693055 0.581679569484709
0.7099393066787779 0.9235417280208801
0.8401488358992771 0.6470651423431988
0.29866239440237385 0.8313555180007339
0.9767620772075579 0.01875896349697148
0.8089646023341157 0.9750282997150796
0.8984612083534076 0.09324871847556382
0.8997631274280585 0.7527706119386186
0.7921759782931517 0.4931138977540106
0.269419235660044 0.8545034826815668
0.6490876559856114 0.6066200375313017
0.4828375530161968 0.3331199148633478
0.4648843123487688 0.20206954609226357
0.7664420591245369 0.32120945727507877
0.37946461092287553 0.08664393159533113
0.7255718765125145 0.3317291409102445
0.025897127341917292 0.9527485964539274
0.29994349585588675 0.04005256748842434
0.7961023065736439 0.1653036607799644
0.1036846038077407 0.9183114167611707
4
3 9
13 15
14 17
16 19
