16
0.8433900999135907 0.0360920235466875
0.29710694351010625 0.5513266680118039
0.7183304509380838 0.9968869063574753
0.6503207085988246 0.8734192335031866
0.5033418827170716 0.7391308844527613
0.6691908090070824 0.6047289375635685
0.5381930343863659 0.3075806037805794
0.9621143606612299 0.4638376623876509
0.894331513975388 0.7493699923162158
0.1282647441420437 0.8816208869957359
0.9160854858577618 0.6114237043974389
0.5035295064437704 0.006888422042282238
0.7699401192818194 0.5384305600932588
0.9175137654809961 0.13115467561310612
0.6266572607971292 0.9405666752302827
0.4925869453517663 0.6847333745347206
24
0 13
1 15
1 4
2 3
2 14
3 15
3 14
3 4
3 5
3 8
4 5
4 14
4 15
5 8
5 12
5 15
5 10
7 12
7 10
7 8
8 10
8 12
10 12
14 15
