12
0.8190709014783898 0.9207004187537832
0.1398733559259019 0.06102660201480692
0.6202302108849969 0.8057237688621529
0.23573603881228178 0.46307256280166575
0.45711441500413363 0.7452315504852989
0.9490889566211305 0.07035496189497803
0.1278312904480312 0.0017661763975314049
0.6887382295688509 0.5591521819546734
0.720182722854053 0.5786961321972313
0.6996493737497053 0.6413461656597014
0.15095007108998437 0.3744308448371202
0.2886386308006875 0.41183421445901347
50
0 2
0 7
0 3
0 11
0 4
0 8
0 9
1 3
1 6
1 11
1 10
1 4
1 8
1 7
2 8
2 9
2 10
2 3
2 7
2 11
2 4
3 11
3 7
3 10
3 6
3 9
3 8
3 4
4 7
4 8
4 9
4 10
4 11
5 9
5 8
5 11
5 7
6 7
6 10
6 11
7 11
7 10
7 9
7 8
8 9
8 10
8 11
9 11
9 10
10 11
