10
0.9603741808777676 0.7611884469235111
0.88794105193098 0.5990002112461376
0.7106367914686585 0.9326350132652478
0.5885999830969519 0.7610911560019159
0.5796465956381015 0.07665203226883721
0.4152345808375155 0.7105688595473316
0.9213784377848029 0.46375716324572025
0.49156360629437545 0.85545066494558
0.39148959926183746 0.14478709138937085
0.8561070316164556 0.4008805827635692
39
0 7
0 3
0 5
0 1
0 6
0 9
0 2
1 3
1 6
1 2
1 5
1 4
1 9
1 8
1 7
2 5
2 9
2 6
2 3
2 7
3 7
3 6
3 9
3 5
3 8
3 4
4 8
4 9
4 5
4 6
5 9
5 6
5 8
5 7
6 9
6 7
6 8
7 9
8 9
