20
0.27319673625032415 0.34623282790531107
0.5053813341050084 0.7736352739093765
0.5076358152955138 0.04994340769469241
0.3705906025989195 0.08497587497977754
0.36113940415186385 0.48820355079334954
0.3228889351088543 0.48861923398352314
0.4051931242682376 0.180752045411135
0.7849180588713828 0.9036731129010662
0.26336046566019056 0.1606784771466525
0.45690928779702367 0.13749540629537538
0.3592267477437683 0.38220153705174464
0.19099896591120713 0.037430634606220536
0.7931864672960715 0.539027927533568
0.6973472996963188 0.6421016910505366
0.5435152413443425 0.32274817851474025
0.9535969411621654 0.5459726365820552
0.44796099319756166 0.8022529339223181
0.8537468165460613 0.7819085864888495
0.573343099114635 0.6168036653466363
0.3637111351951724 0.7526682263463911
162
0 10
0 4
0 1
0 14
0 11
0 18
0 5
0 8
0 2
0 12
0 19
0 6
0 9
0 16
0 3
0 13
1 17
1 6
1 12
1 15
1 16
1 5
1 10
1 19
1 14
1 4
1 9
1 18
1 7
1 13
1 8
2 5
2 6
2 11
2 18
2 12
2 8
2 13
2 3
2 14
2 4
2 9
2 10
2 15
3 12
3 18
3 11
3 6
3 5
3 10
3 9
3 4
3 14
3 13
3 19
3 8
4 19
4 10
4 5
4 16
4 15
4 12
4 11
4 6
4 17
4 8
4 13
4 7
4 18
4 9
4 14
5 8
5 18
5 11
5 14
5 17
5 10
5 7
5 13
5 16
5 9
5 6
5 19
5 12
5 15
6 9
6 10
6 13
6 16
6 14
6 11
6 15
6 18
6 8
6 12
6 19
7 12
7 19
7 15
7 18
7 17
7 14
7 13
7 16
7 10
8 12
8 18
8 9
8 13
8 19
8 10
8 16
8 14
8 11
9 14
9 16
9 19
9 13
9 18
9 11
9 12
9 15
9 10
10 17
10 18
10 13
10 14
10 19
10 15
10 16
10 11
10 12
11 14
11 18
12 17
12 13
12 18
12 14
12 19
12 16
12 15
13 17
13 16
13 19
13 15
13 18
13 14
14 17
14 18
14 15
14 19
14 16
15 16
15 19
15 18
15 17
16 19
16 17
16 18
17 18
17 19
18 19
