20
0.30829939566509634 0.8485308418558368
0.9553293087951998 0.8855320304616087
0.6489407042927531 0.02848096700505498
0.9871083910971302 0.4917688462630143
0.3023920719341704 0.22477046694463254
0.804334169362019 0.8938835185396034
0.5060991014159759 0.4766696669714976
0.43823776189323504 0.20576182319498726
0.0895559658061198 0.6834108629528315
0.3463765319763549 0.5768654641044655
0.8362155697317272 0.5588858111797707
0.4823985410004381 0.5868910236963241
0.3602114330022056 0.9262268614939526
0.0999670007458181 0.8245371774578819
0.21950297085036674 0.18503868711903693
0.7389398971992247 0.8585503672944494
0.6418376713643017 0.6274378390800573
0.21268033445807877 0.7562703720988503
0.6895589192387075 0.25316031963564634
0.42326732231043995 0.7219039160959035
17
0 19
0 12
0 17
1 5
3 10
4 7
4 14
5 15
6 9
6 11
8 13
8 17
9 11
9 19
11 16
11 19
13 17
