14
0.5216839759041019 0.21664783363896922
0.18856064655267013 0.03177571317294514
0.5054993014618789 0.46169543971662674
0.4262160481425534 0.5510797388021865
0.3552167738697939 0.7804840337363117
0.4524279605018676 0.6660101831292918
0.9024355031235348 0.7089799021641736
0.27537593045493014 0.6762971785958386
0.2557178025486466 0.6788050828437386
0.8189180712587357 0.45746972272301945
0.19295686268650847 0.4729716358918926
0.10550135025061491 0.6521584497231919
0.27872683542248944 0.8030243722070994
0.5721711764715932 0.6828433976471004
61
0 2
0 10
0 3
0 5
0 1
0 13
0 9
1 10
2 8
2 12
2 5
2 9
2 13
2 6
2 10
2 3
2 7
2 11
2 4
3 11
3 7
3 10
3 13
3 9
3 5
3 12
3 8
3 4
4 7
4 8
4 12
4 13
4 10
4 5
4 11
5 9
5 6
5 13
5 8
5 12
5 11
5 10
5 7
6 9
6 13
7 12
7 11
7 10
7 8
7 13
8 13
8 10
8 11
8 12
9 13
10 11
10 12
10 13
11 13
11 12
12 13
