12
0.44061703149062537 0.10509851757856947
0.16269840389681756 0.4763830562169168
0.0976064622984727 0.47821667278777014
0.8222141512487583 0.9178646661093927
0.17869892496812756 0.40707129839961376
0.5231835050620949 0.6788500445003081
0.7041782499650894 0.9283018306732476
0.08574713534748479 0.9468767989912242
0.8334961652081884 0.8818997647913466
0.351443261068377 0.22879750212072703
0.7869974033707717 0.8001367538112367
0.7754432193310778 0.39785611775958574
66
0 7
0 10
0 3
0 11
0 4
0 5
0 8
0 1
0 6
0 9
0 2
1 3
1 6
1 11
1 2
1 5
1 10
1 4
1 9
1 8
1 7
2 8
2 5
2 4
2 9
2 6
2 10
2 3
2 7
2 11
3 11
3 7
3 10
3 6
3 9
3 5
3 8
3 4
4 7
4 8
4 9
4 10
4 5
4 11
4 6
5 9
5 6
5 8
5 11
5 10
5 7
6 9
6 7
6 10
6 11
6 8
7 11
7 10
7 8
7 9
8 9
8 10
8 11
9 11
9 10
10 11
