10
0.9209248584963728 0.5706592445027827
0.35722612193430203 0.8042780521620472
0.26510138884355805 0.20153431782660935
0.36234561481279715 0.34543702922529496
0.7552104772617618 0.36829626410399474
0.7219894363832153 0.5932248447186617
0.0928434757106088 0.2504779397945063
0.18228686758374968 0.8572989593867427
0.6837298378602773 0.7724508265255107
0.2844519428269118 0.8838034442515205
45
0 2
0 7
0 3
0 4
0 5
0 8
0 1
0 6
0 9
1 3
1 6
1 2
1 5
1 4
1 9
1 8
1 7
2 8
2 5
2 9
2 6
2 3
2 7
2 4
3 7
3 6
3 9
3 5
3 8
3 4
4 7
4 8
4 9
4 5
4 6
5 9
5 6
5 8
5 7
6 9
6 7
6 8
7 8
7 9
8 9
