18
0.6452173729337473 0.23156516005607397
0.27106168272101516 0.8733616923040233
0.7731790992840893 0.3006141795186327
0.6234600814613223 0.894084723635964
0.9901836114955839 0.5692785361499129
0.006233779667822459 0.4678909082895478
0.5695686170577587 0.5998399776100029
0.6954864439942829 0.12506055004290362
0.273795115374899 0.41742259049422425
0.450394611946104 0.9686954221123271
0.609645272503519 0.4929534728071031
0.3080200460949276 0.18469984732766354
0.08829961801326047 0.3313885070419865
0.6284247397735143 0.5154660644312186
0.8257748076417355 0.8959429407112989
0.9426733989064481 0.6793547048298475
0.5741533543355138 0.7114090519725979
0.9842758987766315 0.2572054205783466
80
0 2
0 7
0 16
0 10
0 11
0 17
0 4
0 8
0 13
0 6
1 3
1 6
1 16
1 5
1 9
1 8
2 4
2 13
2 16
2 6
2 10
2 17
2 7
2 11
2 15
3 15
3 14
3 10
3 6
3 16
3 4
3 13
3 9
4 13
4 10
4 14
4 16
4 6
4 15
4 17
5 8
5 12
5 11
6 9
6 14
6 7
6 10
6 15
6 11
6 8
6 13
6 16
7 11
7 10
7 13
7 17
8 13
8 10
8 16
8 11
8 12
9 14
9 16
9 13
10 11
10 17
10 15
10 13
10 16
10 14
11 13
11 12
13 17
13 16
13 15
13 14
14 15
14 16
15 17
15 16
