16
0.9855527990642131 0.516569400380662
0.16390980357634732 0.7036127169635373
0.6600846960600414 0.2843480941003894
0.29492723050641256 0.12941946489446632
0.18348733632688874 0.3157120235861718
0.47123166262768357 0.49220211766286726
0.8046298105785515 0.6892002639967761
0.08381817772090872 0.17539010399838395
0.5393591098283341 0.8085445686553304
0.6991139042876511 0.6960216514763383
0.13374595008112933 0.29689099107485684
0.7008705577004009 0.5765868942828165
0.9927337549299501 0.1279639383513428
0.23988761352246846 0.877078910197098
0.43111876995745035 0.5750659340776457
0.38505961530712063 0.5457724718549294
95
0 14
0 11
0 5
0 8
0 2
0 15
0 12
0 6
0 9
1 6
1 11
1 15
1 5
1 10
1 3
1 14
1 4
1 9
1 7
1 2
1 13
1 8
2 5
2 6
2 11
2 12
2 7
2 8
2 3
2 14
2 4
2 9
2 10
2 15
3 7
3 12
3 11
3 5
3 15
3 10
3 9
3 4
3 14
4 10
4 5
4 15
4 11
4 8
4 13
4 7
4 9
4 14
5 8
5 11
5 14
5 10
5 7
5 13
5 9
5 6
5 12
5 15
6 9
6 13
6 14
6 11
6 15
6 8
6 12
7 15
7 14
7 10
8 15
8 9
8 13
8 10
8 14
8 11
9 14
9 13
9 11
9 12
9 15
9 10
10 13
10 14
10 15
10 11
11 15
11 14
11 13
11 12
13 15
13 14
14 15
