18
0.764766105837122 0.6296726390931966
0.8714338986911491 0.6777132229514268
0.7101905746189873 0.23329495178015314
0.8308869250510145 0.5512481849685135
0.9129341012021814 0.12467014402555843
0.40118414370954114 0.37753575612563195
0.016869397276428666 0.4206654927607094
0.7083722262676733 0.8971345242380289
0.7449309436925359 0.7894012786840316
0.5581492749523808 0.13938685107591342
0.04109116693532133 0.8201052155748396
0.3004671392193947 0.9445623518792733
0.4044691048079213 0.43630527910549444
0.8578369055503061 0.05023821073113666
0.1946015623068299 0.18151200060485184
0.9861937604397367 0.8829694987703319
0.24729755863130176 0.02420709098650331
0.43511501663053964 0.6321443769270666
86
0 7
0 17
0 4
0 1
0 11
0 5
0 8
0 2
0 15
0 12
0 9
0 3
0 13
1 17
1 12
1 15
1 5
1 3
1 4
1 7
1 2
1 8
2 5
2 17
2 12
2 8
2 13
2 3
2 14
2 4
2 9
2 16
3 7
3 12
3 17
3 5
3 15
3 9
3 4
3 13
3 8
4 5
4 12
4 13
4 9
5 8
5 11
5 14
5 17
5 10
5 13
5 16
5 9
5 6
5 12
6 10
6 16
6 14
6 11
6 17
6 12
7 12
7 8
7 15
7 17
7 11
8 15
8 12
8 11
8 17
9 14
9 16
9 13
9 12
9 17
10 17
10 11
10 12
11 12
11 17
12 17
12 13
12 14
12 16
14 17
14 16
