16
0.8077988511230981 0.2915479388255676
0.05304928211561133 0.45677928021710124
0.5542621155514498 0.6325885182113672
0.34459539658716165 0.7176932343814607
0.5465086739624331 0.408622200346227
0.6066965991370313 0.44716164361831556
0.8875958556215728 0.7674429983633964
0.6321325965716422 0.9387528273919562
0.31790196223581246 0.028357187795625904
0.29565825467815887 0.6043975478618379
0.915880569908093 0.3927880646454972
0.9074271947285449 0.8392445751710373
0.8901076693971216 0.044160542902378364
0.8751843237595887 0.6103762429131109
0.4708391561626609 0.6426282633435975
0.5062946516754527 0.7666959330471729
100
0 7
0 10
0 4
0 14
0 11
0 5
0 8
0 2
0 15
0 12
0 6
0 9
0 3
0 13
1 15
1 5
1 3
1 14
1 4
1 9
1 2
1 8
2 5
2 6
2 11
2 12
2 7
2 8
2 13
2 3
2 14
2 4
2 9
2 10
2 15
3 7
3 11
3 6
3 5
3 15
3 10
3 9
3 4
3 14
3 13
3 8
4 10
4 5
4 15
4 12
4 11
4 6
4 8
4 13
4 7
4 9
4 14
5 8
5 11
5 14
5 10
5 7
5 13
5 9
5 6
5 12
5 15
6 9
6 7
6 10
6 13
6 14
6 11
6 15
7 15
7 11
7 14
7 13
7 10
7 9
8 12
8 9
8 14
9 14
9 13
9 11
9 15
9 10
10 13
10 14
10 15
10 11
10 12
11 15
11 14
11 13
12 13
13 15
13 14
14 15
