18
0.6844664797243784 0.165319548090319
0.6602182496129841 0.5783061144326795
0.6304149981369137 0.31624157002856446
0.45638589233544746 0.3782974129559984
0.6992477708014583 0.5510417037944793
0.24580910913593768 0.10735680264249059
0.8011117880011426 0.08584212345681241
0.8161146624498412 0.7902066751381684
0.2865675354624708 0.7252426711399169
0.15739423915540862 0.9063096223557002
0.9310659234609512 0.48278316825442946
0.21573137209656335 0.41266034370769367
0.40121307059008604 0.9602460409632508
0.2895205505308831 0.18394125762527136
0.12416884282580065 0.3688739524934933
0.08652540719169455 0.7962124860835962
0.0010204586386355352 0.2273926983517306
0.8716128857207971 0.3423235144264226
9
0 6
0 2
1 4
2 3
5 13
9 15
10 17
11 14
14 16
