20
0.5790336696076319 0.9694522001586731
0.6000676214666577 0.7765570996651451
0.9426121774123054 0.6784506996636973
0.7194344702355308 0.38064789778148833
0.9691862530636579 0.7537447471463741
0.25503324143171746 0.9958429065859415
0.11212176724532308 0.255917102784017
0.7427528654827469 0.5828565766494099
0.5659757320054862 0.4042421376372136
0.859608132712872 0.3024564722489026
0.39091228405629885 0.156156684328296
0.546783172289327 0.3563693244562368
0.864864331708786 0.24459024746113833
0.24466115146361345 0.801331227949568
0.3153223932515711 0.3350598721806951
0.26036078488172876 0.32213727669946146
0.48583103271247374 0.7384346556410046
0.6189890732209582 0.9148720323188982
0.8373581231470858 0.2519092972532715
0.5841177189101574 0.15010720419268742
19
0 1
0 17
1 16
1 17
2 4
3 12
3 11
3 8
3 9
3 18
5 13
6 15
8 11
9 18
9 12
10 19
10 14
12 18
14 15
