20
0.8406682599701686 0.41930381369257574
0.42626644682082615 0.010466766165419306
0.45308446506760536 0.41503265439696013
0.6400968966392532 0.4854707454209122
0.37427244580767693 0.5782626893599611
0.6456059370997538 0.5038474240114944
0.978590452815915 0.7241558444926678
0.3804367684614244 0.9995821457002283
0.6591403679972061 0.4270303002046639
0.03923279124606471 0.5590578891818961
0.11652311961913564 0.07257947010695154
0.2887954074049289 0.26364753190853585
0.1408266830799898 0.5632706194030244
0.4599097104734001 0.3372545674420998
0.06893038760462289 0.03723695203175803
0.40971654294242155 0.5636189631882778
0.6779578377429654 0.9583583122950066
0.5348073967483157 0.7702107471692948
0.47996540085387873 0.9715944369809262
0.8069825475770148 0.11968204470839838
129
0 17
0 4
0 1
0 11
0 5
0 8
0 2
0 15
0 19
0 6
0 16
0 3
0 13
1 11
1 15
1 5
1 10
1 19
1 3
1 14
1 4
1 2
1 13
1 8
2 5
2 17
2 11
2 18
2 12
2 7
2 8
2 19
2 13
2 3
2 14
2 4
2 9
2 16
2 10
2 15
3 7
3 12
3 18
3 11
3 17
3 6
3 5
3 15
3 16
3 4
3 13
3 19
3 8
4 10
4 5
4 16
4 15
4 12
4 11
4 17
4 8
4 13
4 7
4 18
4 9
5 8
5 18
5 11
5 17
5 7
5 13
5 16
5 6
5 19
5 12
5 15
6 16
6 17
6 15
6 18
6 8
7 12
7 15
7 18
7 17
7 16
7 9
8 15
8 12
8 18
8 13
8 19
8 16
8 11
8 17
9 14
9 13
9 11
9 12
9 15
9 17
9 10
10 13
10 14
10 15
10 11
10 12
11 15
11 14
11 19
11 13
11 12
11 17
12 17
12 13
12 18
12 14
12 15
13 17
13 19
13 15
13 14
15 16
15 19
15 18
15 17
16 17
16 18
17 18
