10
0.529251875186394 0.2757168682642781
0.7109718352659914 0.6648072632538861
0.14576132586175838 0.21292313574596122
0.27265306257562794 0.8544681884679609
0.9069685149426252 0.5033287799640737
0.35359250289963184 0.6119455707297494
0.2912962474561802 0.27852871773117105
0.6317122616346722 0.19819932450109246
0.32468238358592993 0.4875386304706437
0.7322276114232322 0.4188826625784716
32
0 7
0 4
0 5
0 8
0 1
0 6
0 9
0 2
1 3
1 5
1 4
1 9
1 8
1 7
2 8
2 5
2 6
2 7
3 5
3 8
4 7
4 9
5 9
5 6
5 8
5 7
6 9
6 7
6 8
7 9
7 8
8 9
