12
0.06442403672863595 0.4061562849123105
0.510004636421409 0.7298250184375704
0.5859451795535848 0.4778160734952549
0.2031665451681154 0.5677406835349552
0.27703661076225083 0.7211989031334947
0.4086856737964777 0.5404680289138863
0.5947406486578612 0.8857796356615918
0.49468796569268003 0.4439019066804467
0.11395553676984504 0.21683805101168252
0.9311282378401795 0.1854576612259693
0.6125748584853976 0.4213646802885608
0.010509546834281625 0.044449068486757115
48
0 2
0 7
0 10
0 3
0 11
0 4
0 5
0 8
0 1
1 3
1 6
1 2
1 5
1 10
1 4
1 7
2 8
2 5
2 9
2 6
2 10
2 3
2 7
2 4
3 11
3 7
3 10
3 6
3 5
3 8
3 4
4 7
4 8
4 10
4 5
4 6
5 6
5 8
5 10
5 7
6 7
6 10
7 10
7 8
7 9
8 10
8 11
9 10
