18
0.7947548926518644 0.8701226569906916
0.5663635417611617 0.6599724109270741
0.6495920828769572 0.5075927761094209
0.6997643587655307 0.1864199721522073
0.09440506488046208 0.6863393745331998
0.19809742473045588 0.1287322157466234
0.2231634587576652 0.5043379767227946
0.28672430290967865 0.3450170984895061
0.6800691717820442 0.8297260200581524
0.46053600218463164 0.3844357388046926
0.9181334667626959 0.5220217455152648
0.28649587502729 0.22197245414581934
0.19632945505642452 0.8626148392055796
0.10381570836635567 0.4768343884660572
0.5599948437740107 0.8773657135728665
0.6961689835991943 0.04958735293633443
0.37677638538567015 0.00597347407717963
0.3860486692827404 0.6754322045233857
0

