10
0.696579146105298 0.19395032584571148
0.6272140868637215 0.9174737558565732
0.22282108869848638 0.8332845288220125
0.10132727349223225 0.3686376968372783
0.5724944052757357 0.8809682601092715
0.9566461633202402 0.2378860763948838
0.009992472399296237 0.6621706226687769
0.7020742628842939 0.8459052988397426
0.8481474097845012 0.9602659502603091
0.9079097908991186 0.09338891894071188
33
0 2
0 7
0 3
0 4
0 5
0 8
0 1
0 9
1 3
1 6
1 2
1 5
1 4
1 8
1 7
2 8
2 6
2 3
2 7
2 4
3 7
3 6
3 4
4 7
4 8
4 5
4 6
5 9
5 8
5 7
6 7
7 9
7 8
