20
0.5765711563512105 0.9688516444849341
0.274566145573515 0.5968161493459958
0.2166762256072231 0.6958045809836216
0.59541970463808 0.6949196739776873
0.5378510080773047 0.09564581324459553
0.3905948708474761 0.17293471355943257
0.7712567789975112 0.5054328688286859
0.9677751450876511 0.7730239666742467
0.33734431730864645 0.7880256960311764
0.9139600875064279 0.6347304176859546
0.9444080303554443 0.6274009930763713
0.8416317251909321 0.10919068623849537
0.010315877855372357 0.585574777811802
0.7088243271600494 0.4588815485178095
0.4747853051798654 0.22082054006345864
0.2466322367776349 0.24811555219457804
0.5702716175867084 0.5323337616713929
0.7338000456470685 0.38910782988956194
0.08721573464454413 0.24638600609744077
0.3101919579970849 0.3039171670967723
131
0 7
0 10
0 1
0 8
0 2
0 6
0 9
0 16
0 3
0 13
1 17
1 6
1 12
1 15
1 16
1 5
1 19
1 3
1 14
1 4
1 18
1 2
1 13
1 8
2 5
2 6
2 18
2 12
2 8
2 19
2 13
2 3
2 14
2 16
2 15
3 7
3 12
3 17
3 6
3 5
3 15
3 10
3 16
3 9
3 14
3 13
3 19
3 8
4 19
4 5
4 16
4 15
4 11
4 6
4 17
4 13
4 18
4 14
5 18
5 11
5 14
5 17
5 13
5 16
5 6
5 19
5 12
5 15
6 9
6 7
6 10
6 13
6 16
6 14
6 11
6 17
6 15
6 8
6 19
7 17
7 13
7 16
7 10
7 9
8 15
8 12
8 18
8 9
8 13
8 19
8 16
8 14
8 17
9 16
9 13
9 11
9 17
9 10
10 17
10 13
10 16
10 11
11 16
11 14
11 19
11 13
11 17
12 18
12 14
12 19
12 16
12 15
13 17
13 16
13 19
13 15
13 14
14 17
14 18
14 15
14 19
14 16
15 16
15 19
15 18
15 17
16 19
16 17
16 18
17 19
18 19
