16
0.018881675806423415 0.7439323493184343
0.0709310650639764 0.8725683264815429
0.8963632647459802 0.7720236273312955
0.23299864340414345 0.02180618218916508
0.26845587546900584 0.5932051416337425
0.5562880342261464 0.0883424979016898
0.5358832549587028 0.7694778517099663
0.962029531878539 0.5355559106454518
0.3921849694939702 0.9266659678108158
0.19463370124306723 0.21689449069073075
0.8355934745864733 0.6189319624244152
0.5593004963617437 0.6830297725542238
0.09992565506815754 0.9437039287810072
0.5101562963183446 0.5801460664761351
0.5913835036044139 0.7091208413379204
0.8920593377454965 0.9068493824485048
42
0 4
0 12
0 1
1 4
1 12
1 8
2 6
2 10
2 14
2 7
2 11
2 15
3 9
3 5
4 8
4 12
4 9
4 13
4 14
4 11
4 6
5 9
6 14
6 10
6 15
6 11
6 8
6 13
7 15
7 10
8 13
8 14
8 11
8 12
10 11
10 15
10 13
10 14
11 14
11 13
13 14
14 15
