16
0.8232410191493789 0.5792676661114295
0.7387639491150491 0.9390744246971234
0.31753521276466734 0.11023321420730003
0.4296585479657613 0.368080381904518
0.3048183875978864 0.16303290997011444
0.585660658778364 0.7118783079919223
0.9610304780343482 0.6624365632662165
0.6078180142355627 0.1263764614156231
0.8847740816038572 0.4452869197152003
0.7294891483047714 0.6376356767350995
0.8330003127649156 0.6109993943464516
0.6795287435198237 0.44040349943033696
0.0588618641323555 0.05624156941690028
0.17368791593789557 0.3775645357990004
0.6717637918840415 0.2309811215719897
0.6902162598325993 0.7383865484402473
2
0 10
2 4
