16
0.028373118084848437 0.30193166163300855
0.42090374574731104 0.02945681781290521
0.5317779678507591 0.0923850117588515
0.462118503149738 0.9190051090137377
0.9782582727927916 0.7065402666594842
0.40106611339029263 0.05266758783152281
0.8127743788335292 0.6126585392689815
0.9570278025331996 0.44079157783526457
0.5161283635089506 0.009223754207174695
0.9834300405484416 0.7492088587113078
0.7888881955531329 0.26724226995652556
0.735967676474415 0.34170463517539507
0.8343033422193259 0.8470386363168625
0.949825143657871 0.4057221325262731
0.21803847348754146 0.4641299702702706
0.4796101152697043 0.08126053259404131
83
0 14
0 15
0 5
0 8
0 1
0 2
1 15
1 11
1 2
1 14
1 5
1 10
1 13
1 8
1 7
2 8
2 5
2 13
2 6
2 10
2 14
2 7
2 11
2 15
3 11
3 7
3 14
3 6
3 9
3 12
3 4
4 7
4 12
4 9
4 13
4 10
4 11
4 6
5 6
5 13
5 8
5 11
5 15
5 10
5 7
5 14
6 9
6 14
6 7
6 10
6 15
6 11
6 12
6 8
6 13
7 12
7 11
7 15
7 10
7 9
7 8
7 13
8 13
8 14
8 10
8 15
8 11
9 11
9 10
9 13
9 12
10 11
10 15
10 12
10 13
10 14
11 14
11 13
11 12
11 15
12 13
13 15
14 15
