20
0.9135540946359402 0.2904292337901436
0.8122765522619837 0.5321253579326259
0.9052991025580448 0.4120850055766069
0.8489736180730749 0.4946937301735549
0.5354033902447131 0.07233928252265498
0.026637422207734684 0.30030332007562666
0.6805533908850867 0.7344149141199354
0.9569773842526504 0.19792855795244013
0.6400450625877051 0.1720133787509509
0.7100949211368217 0.14912058347332402
0.4963235372886633 0.22998029932057062
0.7889725930013531 0.1374284911341468
0.10885145567059151 0.4677945039059126
0.34716009112595836 0.34790128055870195
0.685660647574059 0.561613481273754
0.19260302516700645 0.3516916939926067
0.04455225962932596 0.21781164674657028
0.09736623876333983 0.001735153462340988
0.969060647181532 0.4084285732202473
0.7074726827584562 0.6090729575127811
32
0 7
0 11
0 18
0 2
1 3
1 2
1 14
1 19
1 18
2 18
2 3
3 14
3 19
3 18
4 8
4 9
4 10
5 12
5 15
5 16
6 14
6 19
7 11
8 9
8 10
8 11
9 11
10 13
12 15
13 15
14 19
15 16
