14
0.6542314596808351 0.15194017290889805
0.8980077832474542 0.7416909902627021
0.04453190239612803 0.21955653633271321
0.2933407067613333 0.8721685462260591
0.2357951247381741 0.6406398136967503
0.4605672493845361 0.8646487748785093
0.1139391131182591 0.4194636033107202
0.20494156088761029 0.08962871876371958
0.5958378278705208 0.38473070063207615
0.6989913505769217 0.023850488244351542
0.17304743066279038 0.18506013697565993
0.5845869193079842 0.7235607010576725
0.6494776158394248 0.5512859435356257
0.48615007927543685 0.22005535395882714
73
0 2
0 7
0 10
0 11
0 4
0 12
0 8
0 1
0 13
0 6
0 9
1 3
1 11
1 5
1 13
1 4
1 12
1 8
2 8
2 12
2 9
2 13
2 6
2 10
2 3
2 7
2 4
3 11
3 10
3 6
3 13
3 5
3 12
3 8
3 4
4 7
4 8
4 12
4 13
4 10
4 5
4 11
4 6
5 6
5 13
5 8
5 12
5 11
6 7
6 10
6 11
6 12
6 8
6 13
7 12
7 10
7 8
7 9
7 13
8 13
8 9
8 10
8 11
8 12
9 10
9 13
9 12
10 11
10 12
10 13
11 13
11 12
12 13
