18
0.7678913093490818 0.8343017032233961
0.00725674499377027 0.8932433914640766
0.669012227666777 0.1915054708777817
0.6992621687131613 0.7402319363566789
0.609392694036191 0.5537874385213695
0.756114574709388 0.2275215455669951
0.3452069903205216 0.01409901601337693
0.8771579964004055 0.04200875818416805
0.41445006897580305 0.7389574732271887
0.5830190298781759 0.0026665294785896965
0.5854610959153664 0.46938093178550333
0.06916547054886268 0.9292795022382638
0.954079747652303 0.808896552582856
0.8785966219591138 0.8544791278660772
0.4935070392725549 0.19734134617228183
0.0476215911622232 0.23625592296391018
0.5615010257257408 0.8423061307333841
0.10411278632763354 0.36492359692408705
4
1 11
2 5
4 10
12 13
