16
0.06296246736548261 0.04836549276156321
0.7663180213414381 0.48631613590619205
0.006346474956688053 0.5857393205721779
0.537850350533849 0.8477118857123348
0.7256130970850675 0.14361852522244645
0.2518511292485408 0.24007423029852948
0.8300522130301486 0.5817445727136507
0.9996819753564393 0.42816132158439035
0.8490728891563958 0.7892674983838944
0.11998165041780517 0.6234038259392579
0.8756096606646595 0.013077250194805323
0.5961084805897744 0.26990886782025325
0.2803192253183635 0.7624287633762372
0.6880202882011471 0.9607968324402457
0.3396770080625692 0.14808064021256873
0.18431426992004618 0.16577376222066986
64
0 14
0 15
0 11
0 5
0 9
0 2
1 3
1 6
1 11
1 14
1 5
1 10
1 13
1 4
1 12
1 8
1 7
2 12
2 5
2 9
2 15
2 3
2 14
3 11
3 6
3 13
3 9
3 12
3 8
4 7
4 10
4 5
4 14
4 11
4 6
4 15
5 9
5 12
5 11
5 15
5 14
6 7
6 10
6 11
6 12
6 8
6 13
7 11
7 10
7 8
8 13
8 11
8 12
9 15
9 11
9 14
9 12
10 11
10 14
11 14
11 12
11 15
12 13
14 15
