14
0.4538023395704869 0.8783174245257336
0.5872975993060917 0.8255182794945338
0.18147514082718363 0.9639712720096607
0.46732656177402876 0.15665131365555607
0.03214117822487106 0.00557002068785295
0.21861714192564574 0.39213024871574187
0.6362864944177874 0.2835528599648576
0.2616615174583098 0.7792386144115407
0.14257106833945354 0.8214821455311256
0.5745369741957188 0.2714138799194177
0.07456321031233837 0.46130250060290845
0.6062168265987096 0.7200682164420282
0.40899656019303476 0.39691317828312334
0.3327204671968561 0.5294907474294382
20
0 1
0 7
0 11
0 2
1 11
2 7
2 8
3 12
3 9
3 6
5 10
5 12
5 13
6 9
6 12
7 13
7 8
9 12
10 13
12 13
