12
0.8844144601324322 0.21372812698594224
0.24644779352464552 0.5458497694918876
0.875699620487567 0.3176851669167641
0.7665936884153597 0.8817188332962715
0.0702536653593685 0.6684704261573713
0.7410174062774789 0.03371593619386781
0.13595502251238611 0.29828408101021564
0.6916301182396919 0.7866574305277192
0.49183996035106303 0.2577847340957672
0.682605037996468 0.5514263995885887
0.7581268010918145 0.6141432043794458
0.9748010759184448 0.7091342464177114
12
0 5
0 2
1 4
1 6
3 10
3 11
3 7
7 10
7 11
7 9
9 10
10 11
