14
0.042626927536997594 0.986090082270608
0.5245085851808865 0.8907425824743157
0.5860920020462453 0.5619189565491659
0.24776651419861362 0.5566024633040741
0.8353218250056104 0.6429984186920082
0.7728773682411084 0.12758822865044572
0.40623154832246444 0.8355808491547868
0.6391047692761791 0.7772787405938606
0.7974622020125267 0.9931220992258777
0.7834980167340225 0.18426981709447643
0.649825118580994 0.9345122593684333
0.9888843829809707 0.15063551816565268
0.19365254738280513 0.5589722794133072
0.6186816753894554 0.7049120162261497
57
0 3
0 12
0 1
0 6
1 3
1 6
1 2
1 10
1 13
1 4
1 12
1 8
1 7
2 8
2 12
2 5
2 9
2 13
2 6
2 10
2 3
2 7
2 11
2 4
3 7
3 10
3 6
3 13
3 12
3 4
4 7
4 8
4 9
4 13
4 10
4 5
4 11
4 6
5 9
5 13
5 11
6 7
6 10
6 12
6 8
6 13
7 12
7 10
7 8
7 13
8 13
8 10
9 11
9 13
10 12
10 13
12 13
