14
0.5179734242373176 0.891856178946538
0.059405756511383134 0.34118263667747195
0.9062070828882378 0.48009278450783455
0.8724416918952085 0.9376808502123083
0.19221876927696346 0.6039191073593331
0.03706615647525491 0.7389212756341936
0.33422190861477163 0.9660300798982541
0.9315034926720577 0.057482855725849547
0.8651318731016433 0.5033593559911406
0.6017567832584511 0.6090989154485834
0.03806163423313835 0.6934585283304064
0.6303320387971586 0.4250165258700517
0.9302424606510427 0.2106673751806628
0.5364299716854494 0.9964691565372427
67
0 2
0 10
0 3
0 11
0 4
0 12
0 5
0 8
0 1
0 13
0 6
0 9
1 6
1 11
1 5
1 10
1 4
1 9
2 8
2 12
2 9
2 13
2 6
2 3
2 7
2 11
2 4
3 11
3 6
3 13
3 9
3 12
3 8
3 4
4 8
4 9
4 13
4 10
4 5
4 11
4 6
5 9
5 6
5 13
5 11
5 10
6 9
6 10
6 11
6 8
6 13
7 12
7 11
7 9
7 8
8 13
8 9
8 11
8 12
9 11
9 10
9 13
9 12
10 11
10 13
11 13
11 12
