16
0.49527806103494076 0.9415421142168242
0.8538477853473964 0.3060458762370232
0.6772550671416852 0.961606520454026
0.7876663546342612 0.07157308857649725
0.2429042753363555 0.5762365670153651
0.6212782356313522 0.05463330314650816
0.5142332380685216 0.17294138454576735
0.33403386860093387 0.5615219942201837
0.007056177221930526 0.09444909723763639
0.4856724189650822 0.6940500691762488
0.008327638349198141 0.7624017632675992
0.877488458067698 0.07419272721206682
0.6666032741944716 0.35486674182944944
0.7423149710227696 0.9065247809664548
0.44795636861167043 0.36637829885320394
0.7398736563019013 0.9320117595896374
46
0 7
0 9
0 15
0 4
0 13
0 2
1 3
1 6
1 11
1 14
1 5
1 12
2 9
2 13
2 15
3 11
3 14
3 6
3 5
3 12
4 7
4 12
4 9
4 10
4 14
4 6
5 6
5 12
5 11
5 14
6 14
6 7
6 11
6 12
7 12
7 10
7 14
7 9
9 15
9 14
9 10
9 13
9 12
11 12
12 14
13 15
