14
0.5453615337492397 0.7996650686407684
0.4052925169065308 0.6466530171805015
0.411728256584193 0.15888893958703354
0.4180752688282152 0.48058512919916363
0.5202942674660122 0.5462855226942912
0.21336584040651374 0.33523951900144977
0.52230921157794 0.3629173735810116
0.5909413404155657 0.5797700032055941
0.6359320871894284 0.353790234449502
0.6486657541625551 0.49308847535769396
0.29178640760572827 0.6461274328268105
0.8374861479630074 0.8061405175725773
0.6484388760544486 0.6304048706455927
0.541831956506416 0.3414249979156513
4
4 7
6 13
7 12
8 13
