18
0.8061736816900223 0.3955391303586633
0.9386749148923853 0.37904802532985493
0.6451698300814321 0.41838409258765663
0.04505477372071509 0.5825827305752077
0.3684237309638282 0.7750568505137297
0.807206417711816 0.9750652339088542
0.03441755376188371 0.29353119736330147
0.26331131314232503 0.2993158951110122
0.6299472094667877 0.46535634113181035
0.838287766041258 0.04525563254936782
0.9452282586978318 0.5611363089403403
0.4923734971927788 0.9879479559402012
0.4173239149215021 0.6254471149610347
0.4362594100654156 0.41800418129517436
0.5385171470651482 0.7329923105550823
0.18919298845801824 0.30834631617160246
0.28658629640151234 0.6971297404666948
0.04875692109132501 0.8834377066140888
140
0 7
0 10
0 4
0 1
0 14
0 11
0 5
0 8
0 2
0 15
0 12
0 6
0 9
0 16
0 3
0 13
1 11
1 12
1 15
1 16
1 5
1 10
1 14
1 4
1 9
1 7
1 2
1 13
1 8
2 5
2 6
2 17
2 11
2 12
2 7
2 8
2 13
2 3
2 14
2 4
2 9
2 16
2 10
2 15
3 7
3 12
3 11
3 17
3 6
3 5
3 15
3 16
3 4
3 14
3 13
3 8
4 10
4 5
4 16
4 15
4 12
4 11
4 6
4 17
4 8
4 13
4 7
4 9
4 14
5 8
5 11
5 14
5 17
5 10
5 7
5 13
5 16
5 12
6 9
6 7
6 13
6 16
6 14
6 11
6 17
6 15
6 8
6 12
7 12
7 8
7 15
7 17
7 11
7 14
7 13
7 16
7 10
7 9
8 15
8 12
8 9
8 13
8 10
8 16
8 14
8 11
8 17
9 14
9 16
9 13
9 12
9 15
9 10
10 13
10 14
10 15
10 16
10 11
10 12
11 15
11 16
11 14
11 13
11 12
11 17
12 17
12 13
12 14
12 16
12 15
13 17
13 16
13 15
13 14
14 17
14 15
14 16
15 16
15 17
16 17
