14
0.8672968635370248 0.685307666852819
0.09265248685605465 0.32503309881510356
0.21475969743217338 0.49781376321587345
0.8543402744346699 0.06535898972078225
0.7825129022898476 0.22216914158914902
0.5378124280358983 0.10673696920579911
0.9527924386320743 0.20681752319458324
0.9152760689343536 0.22508702771048705
0.9990028670131791 0.34063785449627615
0.2339796913768042 0.8391798292866869
0.005081197696679252 0.8577922781623761
0.8146744885158589 0.6787669035246802
0.07890302177989339 0.7255357083728806
0.010900479846578492 0.4749630808347788
37
0 7
0 11
0 4
0 8
0 6
1 2
1 5
1 13
1 12
2 12
2 9
2 13
2 10
3 7
3 6
3 5
3 8
3 4
4 7
4 8
4 5
4 11
4 6
5 6
5 7
6 7
6 11
6 8
7 11
7 8
8 11
9 10
9 13
9 12
10 12
10 13
12 13
