10
0.43389278081514515 0.4122199269731871
0.42017837659078827 0.0483976766342441
0.059936830292106724 0.8124131019220141
0.10743718138516956 0.6970497214468224
0.6445318802641676 0.9833701560583827
0.9955453561337354 0.4898237459275543
0.5571462964240304 0.8692792867053828
0.7508443528229737 0.39498398299364024
0.10523703905836823 0.2756777246514086
0.1359892981820482 0.2177262665647477
39
0 2
0 7
0 3
0 4
0 5
0 8
0 1
0 6
0 9
1 3
1 6
1 2
1 5
1 9
1 8
1 7
2 8
2 9
2 6
2 3
2 7
2 4
3 7
3 6
3 9
3 8
3 4
4 7
4 8
4 5
4 6
5 6
5 7
6 9
6 7
6 8
7 9
7 8
8 9
