14
0.8793183055595724 0.31155011748927064
0.2209300957200374 0.22054193678445244
0.5726498830054039 0.4519576322201527
0.11579861768453314 0.34258385779923617
0.503539576099647 0.4758748367001613
0.043395852175641236 0.5279940898482313
0.04389868663972574 0.5819762399281584
0.8884583024247268 0.9444913387762555
0.3317187842038377 0.6335062703951929
0.5119449485377839 0.01708854127813908
0.24246157715333982 0.49320933415264046
0.6059959875076452 0.7331549155542375
0.07892463990901444 0.33280858788139145
0.8950105483322124 0.7961672649770873
89
0 7
0 10
0 4
0 1
0 11
0 5
0 8
0 2
0 12
0 6
0 9
0 3
0 13
1 6
1 11
1 12
1 5
1 10
1 3
1 4
1 9
1 7
1 2
1 13
1 8
2 5
2 6
2 11
2 12
2 7
2 8
2 13
2 3
2 4
2 9
2 10
3 7
3 12
3 11
3 6
3 5
3 10
3 9
3 4
3 13
3 8
4 10
4 5
4 12
4 11
4 6
4 8
4 13
4 7
4 9
5 8
5 11
5 10
5 7
5 13
5 9
5 6
5 12
6 9
6 7
6 10
6 13
6 11
6 8
6 12
7 8
7 11
7 13
7 10
8 12
8 9
8 13
8 10
8 11
9 13
9 11
9 12
9 10
10 13
10 11
10 12
11 13
11 12
12 13
