14
0.14294042632147308 0.5622009204466676
0.5755161506273991 0.34510957160424516
0.5904250683226219 0.7625297735198937
0.2539721135362609 0.5822375773375292
0.35355110091798037 0.04569298974115532
0.4477646402122083 0.4928753672710574
0.936665505577393 0.0920378444831852
0.6802888564688426 0.23354907212706943
0.20365230249669575 0.6944225350272648
0.6521557426269894 0.2909610017075762
0.7019241223622883 0.9982460388052175
0.03456109492054704 0.8634374076899395
0.8668407971314767 0.053610496861214774
0.5966354464344328 0.5831317844489777
3
1 9
6 12
7 9
