20
0.7727444080461711 0.22015755742569953
0.9267549561362012 0.6410439107817523
0.9776632112499891 0.2988650380172918
0.1441282640085716 0.13332436361565592
0.03907046472252407 0.7477524074030871
0.8909090011102683 0.4842432126281385
0.7537434505521293 0.4683484956407472
0.33618019582217573 0.5189295603184236
0.08787944611494936 0.2308758013277975
0.2637417071018009 0.5425988544855077
0.8691851514350089 0.21160566806244863
0.8980774323994447 0.236444831125441
0.33811199413352555 0.7005943521297868
0.8608438511125066 0.14475209468296713
0.42281149000307583 0.02570419781963007
0.8075635858419733 0.5695793228226018
0.49307166133624725 0.702924004398189
0.7617924662295521 0.14499688554895096
0.35679286465549465 0.38854673877111046
0.16358320215201616 0.7567550083429818
112
0 7
0 10
0 17
0 1
0 14
0 11
0 18
0 5
0 2
0 15
0 6
0 16
0 13
1 17
1 6
1 11
1 12
1 15
1 16
1 5
1 10
1 2
1 13
2 5
2 6
2 17
2 11
2 13
2 10
2 15
3 7
3 12
3 18
3 9
3 14
3 8
4 19
4 16
4 12
4 8
4 7
4 18
4 9
5 18
5 11
5 17
5 10
5 7
5 13
5 16
5 6
5 12
5 15
6 9
6 7
6 10
6 13
6 16
6 14
6 11
6 17
6 15
6 18
6 12
7 12
7 19
7 8
7 15
7 18
7 17
7 14
7 16
7 9
8 12
8 18
8 9
8 19
8 14
9 14
9 16
9 19
9 18
9 12
9 15
10 17
10 18
10 13
10 14
10 15
10 11
11 15
11 14
11 13
11 18
11 17
12 18
12 19
12 16
12 15
13 17
13 15
13 18
13 14
14 17
14 18
15 16
15 18
15 17
16 19
16 18
17 18
18 19
