14
0.4525553398885265 0.16173560316589408
0.5267777974243906 0.343993476698808
0.24387158330322634 0.4032737088122418
0.06509573398419366 0.90619251055016
0.2632876720570895 0.2203955030397915
0.5348199722376321 0.3494282027040504
0.5034873689501373 0.48673621385414967
0.7237812645797403 0.28271573961320096
0.40104732489652617 0.774631042127419
0.7485365342662064 0.603807129715668
0.4050038373767505 0.8853649260246577
0.4211159744273121 0.670963180741849
0.7957415401217479 0.5112389763741461
0.3330347363743352 0.8729416529377414
90
0 7
0 10
0 4
0 1
0 11
0 5
0 8
0 2
0 12
0 6
0 9
0 3
0 13
1 6
1 11
1 12
1 5
1 10
1 3
1 4
1 9
1 7
1 2
1 13
1 8
2 5
2 6
2 11
2 12
2 7
2 8
2 13
2 3
2 4
2 9
2 10
3 12
3 11
3 6
3 5
3 10
3 9
3 4
3 13
3 8
4 10
4 5
4 12
4 11
4 6
4 8
4 13
4 7
4 9
5 8
5 11
5 10
5 7
5 13
5 9
5 6
5 12
6 9
6 7
6 10
6 13
6 11
6 8
6 12
7 12
7 8
7 11
7 13
7 10
7 9
8 12
8 9
8 13
8 10
8 11
9 13
9 11
9 12
9 10
10 13
10 11
10 12
11 13
11 12
12 13
