14
0.3417670933596664 0.9802505500719758
0.6982812005135484 0.8716438197469641
0.1351109233660781 0.6735499040175777
0.8815461587164083 0.0928467839530569
0.04404091179767655 0.09004862308169626
0.15073563248223232 0.9485788308177239
0.01086060893753471 0.02879053689991462
0.8710000351436447 0.005712828007459203
0.6939927828126068 0.9683049688124299
0.3815429347165711 0.28392623214304236
0.5078841628030732 0.777734093906341
0.6771872641456599 0.2699647175120866
0.24885889067983114 0.4789975883639236
0.33014007063502937 0.053919720547040306
53
0 2
0 10
0 12
0 5
0 8
0 1
0 9
1 11
1 2
1 5
1 10
1 9
1 12
1 8
2 8
2 12
2 5
2 9
2 13
2 6
2 10
2 11
2 4
3 11
3 7
3 13
3 9
4 12
4 9
4 13
4 11
4 6
5 8
5 12
5 10
6 9
6 12
6 13
7 11
7 9
7 13
8 10
8 11
8 12
9 11
9 10
9 13
9 12
10 11
10 12
11 13
11 12
12 13
