10
0.6852542465875573 0.32541526484318406
0.42723485967308894 0.6432732424533294
0.10896709091003032 0.5971468161281587
0.849514550284481 0.9983459722380037
0.2943629257125284 0.7501960332810882
0.6071570720921339 0.6203063522848772
0.0246850638624333 0.810646951730511
0.16605636929515155 0.4080094084187501
0.3079637688024467 0.6257207003888291
0.38350466802668826 0.7101551791933933
36
0 7
0 4
0 5
0 8
0 1
0 9
1 3
1 6
1 2
1 5
1 4
1 9
1 8
1 7
2 8
2 5
2 9
2 6
2 7
2 4
3 9
3 5
4 7
4 8
4 9
4 5
4 6
5 9
5 8
5 7
6 9
6 7
6 8
7 9
7 8
8 9
