10
0.871785576614051 0.5308932231059125
0.08055945065567172 0.551087231105734
0.013705508889507056 0.2308201145967197
0.2551162286564873 0.32246614177253097
0.0994694802480458 0.8135564595957434
0.5511058250056111 0.6543576859651564
0.17309685846860745 0.578928366193165
0.19600398644909833 0.8344980411235725
0.22468305153783263 0.560380851853374
0.8288317536876635 0.6611542515866593
45
0 2
0 7
0 3
0 4
0 5
0 8
0 1
0 6
0 9
1 3
1 6
1 2
1 5
1 4
1 9
1 8
1 7
2 8
2 5
2 9
2 6
2 3
2 7
2 4
3 7
3 6
3 9
3 5
3 8
3 4
4 7
4 8
4 9
4 5
4 6
5 9
5 6
5 8
5 7
6 9
6 7
6 8
7 8
7 9
8 9
