12
0.038563760007626846 0.5182524328828464
0.792259728853903 0.5041215012644068
0.5582835663269291 0.9344473947660603
0.40093629604460757 0.01664048885697267
0.925246619380578 0.6021575393862959
0.395013780487137 0.4923976722436624
0.12478722289534638 0.8977473663001431
0.8638900859192794 0.49131951270396357
0.7376212717525108 0.5155272859005621
0.15556959587567776 0.6465552861171934
0.1326938791973018 0.24082194076246533
0.10830826881139344 0.36710792006974824
57
0 2
0 10
0 3
0 11
0 5
0 8
0 1
0 6
0 9
1 3
1 6
1 11
1 2
1 5
1 10
1 4
1 9
1 8
1 7
2 8
2 5
2 9
2 6
2 7
2 11
2 4
3 11
3 7
3 10
3 9
3 5
3 8
3 4
4 7
4 8
4 9
4 5
5 9
5 6
5 8
5 11
5 10
5 7
6 9
6 10
6 11
6 8
7 11
7 10
7 8
7 9
8 9
8 10
8 11
9 11
9 10
10 11
