12
0.7527881875797674 0.4442429668861261
0.23749900597830997 0.6933457850369017
0.6611119047823547 0.9687372621150693
0.882593594528138 0.6852107815208303
0.623417071458968 0.7739755848302651
0.6060811518298501 0.019873998710938423
0.09023628109752524 0.21408376608038704
0.20077436351098654 0.6345118696087773
0.6093216817087999 0.2937145844440442
0.7212888308380512 0.5764996128088608
0.6525446649546666 0.3798929753225587
0.7420243202740674 0.7278223611654386
66
0 7
0 10
0 3
0 11
0 4
0 5
0 8
0 1
0 6
0 9
0 2
1 3
1 6
1 11
1 2
1 5
1 10
1 4
1 9
1 8
1 7
2 8
2 5
2 4
2 9
2 6
2 10
2 3
2 7
2 11
3 11
3 7
3 10
3 6
3 9
3 5
3 8
3 4
4 7
4 8
4 9
4 10
4 5
4 11
4 6
5 9
5 6
5 8
5 11
5 10
5 7
6 9
6 7
6 10
6 11
6 8
7 11
7 10
7 8
7 9
8 9
8 10
8 11
9 11
9 10
10 11
