16
0.8213920292075438 0.09318093693098484
0.8012826171755144 0.9198224063484746
0.9155950309513058 0.3723690943364528
0.20762250277788508 0.5069739465646995
0.07240789010194848 0.5386414976489263
0.7843155277377327 0.32336832724223175
0.6337466479166448 0.27792383676643184
0.70752712802595 0.8141336567605194
0.7693665005869241 0.737761034809514
0.6128840012479071 0.6459699282830762
0.8111494139482928 0.43561230257554096
0.9625316550917475 0.4566989836939368
0.49664814785219524 0.8127292722303582
0.6782172592961226 0.45639184251734544
0.6673390884468415 0.8807035333140905
0.9435816262102961 0.881933881157545
119
0 7
0 10
0 4
0 1
0 14
0 11
0 5
0 8
0 2
0 15
0 12
0 6
0 9
0 3
0 13
1 6
1 11
1 12
1 15
1 5
1 10
1 3
1 14
1 4
1 9
1 7
1 2
1 13
1 8
2 5
2 6
2 11
2 12
2 7
2 8
2 13
2 3
2 14
2 4
2 9
2 10
2 15
3 7
3 12
3 11
3 6
3 5
3 15
3 10
3 9
3 4
3 14
3 13
3 8
4 10
4 5
4 12
4 11
4 6
4 8
4 13
4 7
4 9
4 14
5 8
5 11
5 14
5 10
5 7
5 13
5 9
5 6
5 12
5 15
6 9
6 7
6 10
6 13
6 14
6 11
6 15
6 8
6 12
7 12
7 8
7 15
7 11
7 14
7 13
7 10
7 9
8 15
8 12
8 9
8 13
8 10
8 14
8 11
9 14
9 13
9 11
9 12
9 15
9 10
10 13
10 14
10 15
10 11
10 12
11 15
11 14
11 13
11 12
12 13
12 14
12 15
13 15
13 14
14 15
