18
0.18215755241749665 0.4727139276446892
0.14503330495979916 0.2001695485580871
0.8587666451394558 0.8747428881137154
0.4606198645915821 0.34978803538826964
0.6161118095539492 0.44605228896402893
0.4400789545919279 0.7618783302280047
0.6767161175728235 0.026249816178864793
0.12820925180147658 0.10053014628045853
0.3542958736241798 0.3630033674612255
0.8648731822105566 0.2163546449499545
0.053603038893018096 0.17687069796489352
0.1539274483658084 0.7977171783583488
0.459255019378074 0.8887744182975957
0.16334888807531978 0.04762557445560045
0.5660093335481619 0.7127052640869915
0.8546930452544655 0.7355260386661482
0.5889155699589317 0.4507902445169263
0.845476485367458 0.42217570361013956
13
1 13
1 7
1 10
2 15
3 16
3 8
3 4
4 16
5 12
5 14
7 13
7 10
10 13
