16
0.4546505006767192 0.9424011460091682
0.5454636233906464 0.37755922731960856
0.9075285866472671 0.1962522611603521
0.06330337116861051 0.6610087021344673
0.2184296942138496 0.6551564637154184
0.09874595454214985 0.9894955305433913
0.6665291039676536 0.8714487014673474
0.3286846546518353 0.26935974972099463
0.23382040929852155 0.28354179645061717
0.5964254196637077 0.3588059400053403
0.3631101007465104 0.392905468785648
0.9484730619846622 0.9036889522712657
0.8282869040056072 0.5174610140008964
0.659176840155792 0.08106444531934298
0.01116993015551615 0.24067661748414582
0.42449409998187226 0.5742441986452962
89
0 7
0 10
0 4
0 1
0 11
0 5
0 8
0 15
0 12
0 6
0 9
0 3
1 6
1 11
1 12
1 15
1 10
1 3
1 14
1 4
1 9
1 7
1 2
1 13
1 8
2 12
2 7
2 8
2 13
2 9
2 10
2 15
3 7
3 6
3 5
3 15
3 10
3 9
3 4
3 14
3 8
4 10
4 5
4 15
4 12
4 6
4 8
4 7
4 9
4 14
5 10
5 6
5 15
6 9
6 7
6 10
6 11
6 15
6 12
7 12
7 8
7 15
7 14
7 13
7 10
7 9
8 15
8 12
8 9
8 13
8 10
8 14
9 14
9 13
9 11
9 12
9 15
9 10
10 13
10 14
10 15
10 12
11 15
11 12
12 13
12 15
13 15
13 14
14 15
