20
0.41970043329219375 0.09886227236316747
0.21302475720012504 0.5222694112536374
0.7164549270071814 0.42165696646735285
0.14580764826510206 0.08998493918862005
0.6831621794683781 0.056843991956760154
0.1654496097425382 0.634261922670664
0.8324795231528798 0.7953206628689043
0.5797207416659961 0.08908501065231544
0.10908211526436795 0.7861635995278314
0.5998208428925621 0.9308598568396246
0.3240053387609695 0.7811538161470569
0.2196446404886413 0.4244100192352418
0.9737892474666635 0.8126345127398277
0.10633815841229477 0.13653323506621617
0.5480385542330197 0.9456586771357528
0.9331114720877028 0.3453895579852607
0.5496341569830238 0.5102963734376108
0.18144161981199813 0.3494363988427909
0.03586383636114521 0.4506195122716712
0.696169309250555 0.4471844321835705
16
0 7
1 17
1 18
1 5
1 11
2 16
2 19
3 13
4 7
5 8
6 12
9 14
11 17
11 18
16 19
17 18
