12
0.07355870588801827 0.2999448862824138
0.5348229897687007 0.9649994583634303
0.5996881784001133 0.4222865138463533
0.9617531210076589 0.5395663278432066
0.2695244834548456 0.3394803659026985
0.6698690791484666 0.22092832730342737
0.5696677077464745 0.05146366091074084
0.4252301742711273 0.8526867170248803
0.08386697488119277 0.11657882672840392
0.4584680852727191 0.006583561787572356
0.8731563468487893 0.24115327473323478
0.26823960402754976 0.43401504859857587
56
0 2
0 7
0 11
0 4
0 5
0 8
0 6
0 9
1 3
1 11
1 2
1 5
1 10
1 4
1 7
2 8
2 5
2 9
2 6
2 10
2 3
2 7
2 11
2 4
3 11
3 7
3 10
3 6
3 9
3 5
3 4
4 7
4 8
4 9
4 10
4 5
4 11
4 6
5 9
5 6
5 8
5 11
5 10
5 7
6 9
6 10
6 11
6 8
7 11
7 10
8 9
8 10
8 11
9 11
9 10
10 11
