20
0.4218612531743108 0.29157048831670607
0.4429805213321064 0.9707380121514625
0.7294062524319784 0.9707699508004014
0.80749321778076 0.6645682830922427
0.44546213226569975 0.6809734588218453
0.03353456899413665 0.19246633238394995
0.76482442018083 0.9720578846182791
0.10476540034646087 0.3822784781142635
0.3543213890860607 0.8157274436698602
0.2889456625241401 0.5572101315501456
0.13292440667552008 0.15391561834659406
0.49953940839584465 0.9029704037529913
0.7244690056861626 0.6568329646763097
0.5507193242073989 0.2286133219883394
0.9289164484894259 0.6847574195759781
0.1481461708606523 0.1009691253257965
0.8701014130554358 0.3986655700531888
0.5925233579903387 0.3301410913237377
0.9730328181232977 0.6264629638824872
0.29290184432868727 0.9767153673225673
94
0 7
0 10
0 17
0 4
0 5
0 15
0 12
0 9
0 16
0 13
1 6
1 11
1 12
1 19
1 3
1 4
1 9
1 2
1 8
2 6
2 11
2 18
2 12
2 8
2 19
2 3
2 14
2 4
3 12
3 18
3 11
3 17
3 6
3 16
3 4
3 14
3 8
4 19
4 12
4 11
4 6
4 17
4 8
4 13
4 7
4 9
4 14
5 10
5 7
5 9
5 15
6 14
6 11
6 18
6 8
6 12
6 19
7 15
7 17
7 13
7 10
7 9
8 12
8 9
8 19
8 11
9 19
9 13
9 11
9 12
9 15
9 17
9 10
10 17
10 13
10 15
11 14
11 19
11 12
12 17
12 13
12 18
12 14
12 16
13 17
13 16
13 15
14 17
14 18
14 16
15 17
16 17
16 18
17 18
