14
0.21158877245329544 0.5803561134344839
0.9344282110734567 0.5077019215364663
0.28425427643506473 0.4808583581909356
0.041634752155494614 0.31422703065608004
0.8244911011674827 0.723374363937306
0.8816936990983314 0.3435408337920819
0.642850329576191 0.22708254071612544
0.21128619410068972 0.28881843209775016
0.8107090979278969 0.30059758184151186
0.5041028633068622 0.4986609629751183
0.7935736846129764 0.396629314583707
0.8060497724267308 0.2503909396580474
0.7884031430579602 0.9498716175086561
0.6990098409310673 0.07449392245678244
48
0 7
0 3
0 9
0 2
1 6
1 11
1 5
1 10
1 13
1 4
1 9
1 12
1 8
2 9
2 6
2 3
2 7
3 7
3 9
4 8
4 12
4 9
4 10
4 5
4 11
5 9
5 6
5 13
5 8
5 11
5 10
6 9
6 7
6 10
6 11
6 8
6 13
7 9
8 13
8 9
8 10
8 11
9 11
9 10
9 13
10 11
10 13
11 13
