20
0.13544540417339423 0.2736864255265914
0.8301258454983939 0.04930476844239684
0.5365854753472044 0.9868342292950704
0.5896387433430144 0.16938033878076264
0.2869703506815514 0.272234753079317
0.9842909174567316 0.4616862150749985
0.8178094959735712 0.31482985840179256
0.8261025081218846 0.9951753208677661
0.5298109607120992 0.2026785205181082
0.7106768341203462 0.6886865433247668
0.059241407226362175 0.5599848721553895
0.01501486500260596 0.9153209263772553
0.5449167371193367 0.7848970831964925
0.37592480360009095 0.7412881731334736
0.07122225728991571 0.1403233796770309
0.833552462103454 0.7607863376062266
0.4805756442930439 0.19718350264749085
0.07637383610053694 0.7939673086777803
0.4236346972228501 0.9157120672518191
0.7219874327239003 0.976920701694712
31
0 14
0 10
0 4
1 3
1 6
2 18
2 12
2 19
2 13
2 7
3 6
3 16
3 8
4 8
4 14
4 16
5 6
7 15
7 19
8 16
9 15
9 19
9 12
10 17
11 17
12 13
12 18
12 15
12 19
13 18
15 19
