16
0.28898672265289704 0.8064840492380629
0.547724674256367 0.890134416090689
0.5483805445587349 0.5505314214937442
0.6423722247451396 0.1496725135782021
0.8820365742291522 0.6930712383449372
0.4107532454023133 0.0820643097443372
0.8776715829963907 0.7350652812926507
0.8851069674164036 0.8666547737833943
0.5332375966628876 0.005207082699269505
0.672758203090724 0.22053689992711056
0.7959287096861888 0.3312513191999581
0.9252928417166774 0.45397627679368047
0.26270791936428617 0.1909669723464975
0.009998595078373085 0.9162045048178175
0.27542576840795674 0.8325120980862525
0.674810295725903 0.23713630760892868
5
0 14
3 15
3 9
4 6
9 15
