14
0.948107311567408 0.05502255439922488
0.3473564196515605 0.5920159274500332
0.8280964499271163 0.5409940119467279
0.49071991610535537 0.6756521083657329
0.09159366267790758 0.2236571849596658
0.6032452924289481 0.6749991654823456
0.06287137471729487 0.633152423030849
0.3579816698940921 0.8939771992025466
0.3754944942400198 0.011681437428050168
0.3218357838068512 0.3347804887401826
0.3047191535452576 0.32575331591289314
0.7011398688701242 0.4982460648852469
0.5289245251988064 0.15283879030675107
0.49333274718982845 0.9760729121861917
33
1 3
1 6
1 11
1 5
1 10
1 9
1 7
2 5
2 3
2 11
3 11
3 7
3 10
3 13
3 9
3 5
4 8
4 9
4 10
5 13
5 11
5 7
6 9
6 7
6 10
7 13
8 9
8 10
8 12
9 10
9 12
10 12
11 12
