10
0.3017782832713958 0.6659469145484175
0.34392753712568447 0.33817362491038516
0.7726851045887653 0.4300895270935571
0.08437471088441195 0.8329177574166272
0.7211244795876228 0.7566188988716696
0.6544302026437088 0.04213343121266733
0.36478591099887847 0.7309087214210768
0.9556934378003092 0.8794095510296009
0.6328212594232447 0.5260893512031675
0.578514784826251 0.07184932533049793
45
0 2
0 7
0 3
0 4
0 5
0 8
0 1
0 6
0 9
1 3
1 6
1 2
1 5
1 4
1 9
1 8
1 7
2 8
2 5
2 9
2 6
2 3
2 7
2 4
3 7
3 6
3 9
3 5
3 8
3 4
4 7
4 8
4 9
4 5
4 6
5 9
5 6
5 8
5 7
6 9
6 7
6 8
7 8
7 9
8 9
