18
0.5389190715237518 0.15760504040981727
0.17695241983583676 0.6569566929192109
0.7807403065211493 0.06971125425342517
0.016165555421290723 0.42795358699997366
0.23169338019883678 0.5991353333716314
0.9273557904274885 0.7179067406252776
0.9883264509887099 0.18387870898055325
0.11531044875238683 0.3805249294680588
0.027549006116062813 0.8114049072435766
0.03531083786778644 0.3083774802724787
0.06830883323197234 0.7803110351792135
0.5930830726464782 0.6384158038076974
0.11508666718468219 0.9924730170339385
0.36960325825411966 0.48446932852081137
0.24219213186754862 0.44018457732326455
0.4737755700779188 0.8989557574376956
0.6613735826032139 0.21306896312332702
0.37165060888056356 0.7966133875971914
125
0 7
0 10
0 17
0 4
0 1
0 14
0 11
0 5
0 2
0 15
0 6
0 9
0 16
0 3
0 13
1 17
1 11
1 12
1 15
1 16
1 5
1 10
1 3
1 14
1 4
1 9
1 7
1 13
1 8
2 5
2 6
2 11
2 7
2 13
2 14
2 4
2 9
2 16
3 7
3 12
3 11
3 17
3 15
3 10
3 16
3 9
3 4
3 14
3 13
3 8
4 10
4 5
4 16
4 15
4 12
4 11
4 17
4 8
4 13
4 7
4 9
4 14
5 11
5 14
5 17
5 13
5 16
5 6
5 15
6 13
6 16
6 14
6 11
7 12
7 8
7 15
7 17
7 11
7 14
7 13
7 16
7 10
7 9
8 15
8 12
8 9
8 13
8 10
8 14
8 11
8 17
9 14
9 16
9 13
9 11
9 12
9 15
9 17
9 10
10 17
10 13
10 14
10 15
10 11
10 12
11 15
11 16
11 14
11 13
11 12
11 17
12 17
12 13
12 14
12 15
13 17
13 16
13 15
13 14
14 17
14 15
14 16
15 16
15 17
16 17
