20
0.11431857234560594 0.4941728733042672
0.17968606859279412 0.3933601941535264
0.22754370390112755 0.6007839638431942
0.7233358163192898 0.2816392739264474
0.4869625695509372 0.19617773590629484
0.7906949566663893 0.9442160347473034
0.016676064478426955 0.6915531744979077
0.7532458414932263 0.9103343112888376
0.5094627177237867 0.6806332589608577
0.2723623016036776 0.5440983887471658
0.6841381037637158 0.3506986648163345
0.27893987739645176 0.06710853038151465
0.7087068883066958 0.1571956826141665
0.007598917378423997 0.05021578915495206
0.16880401885600482 0.8856292794622405
0.441681881393175 0.1594909971539087
0.695972776403443 0.5455753385126553
0.7555694137159327 0.9761680118561232
0.9249789813183863 0.5600367002381548
0.4911155853963771 0.9174517012758445
140
0 10
0 4
0 1
0 14
0 11
0 8
0 2
0 15
0 12
0 19
0 6
0 9
0 16
0 3
0 13
1 6
1 11
1 12
1 15
1 16
1 10
1 19
1 3
1 14
1 4
1 9
1 2
1 13
1 8
2 5
2 6
2 17
2 11
2 18
2 12
2 7
2 8
2 19
2 13
2 3
2 14
2 4
2 9
2 16
2 10
2 15
3 7
3 12
3 18
3 11
3 17
3 5
3 15
3 10
3 16
3 9
3 4
3 19
3 8
4 10
4 16
4 15
4 12
4 11
4 6
4 8
4 13
4 18
4 9
5 8
5 18
5 14
5 17
5 10
5 7
5 16
5 9
5 19
6 9
6 13
6 16
6 14
6 11
6 15
6 8
6 19
7 19
7 8
7 18
7 17
7 14
7 16
7 10
7 9
8 15
8 12
8 18
8 9
8 19
8 10
8 16
8 14
8 11
8 17
9 14
9 16
9 19
9 13
9 18
9 11
9 12
9 15
9 17
9 10
10 17
10 18
10 19
10 15
10 16
10 11
10 12
11 15
11 16
11 13
11 12
12 18
12 16
12 15
13 15
14 17
14 19
14 16
15 16
15 18
16 19
16 17
16 18
17 18
17 19
18 19
