18
0.30494752748654175 0.6811081081710126
0.6735927501684446 0.6341493374664969
0.12261722658355378 0.004305087699888355
0.8758082286576913 0.8608464630010471
0.24838061395524258 0.5733374004904979
0.417810069385927 0.4401490556765909
0.5084055764031287 0.955348842461885
0.16244791526647795 0.9605248021409665
0.8413933280379364 0.6718472564533354
0.6355240056224034 0.1969022435904999
0.536085723528118 0.09807926532959055
0.5856393292984624 0.4888767728564418
0.08372829058428943 0.5122183879364725
0.1408792785194667 0.6789127899709458
0.8039938614979985 0.6528374097260216
0.45736823934970616 0.3494974177068716
0.7767158204932018 0.7021940197659551
0.40521460591075753 0.6824607703643845
106
0 7
0 17
0 4
0 1
0 14
0 11
0 5
0 8
0 15
0 12
0 6
0 9
0 16
0 3
0 13
1 17
1 6
1 11
1 15
1 16
1 5
1 10
1 3
1 14
1 4
1 9
1 13
1 8
2 5
2 12
2 4
2 9
2 10
2 15
3 11
3 17
3 6
3 16
3 14
3 8
4 10
4 5
4 16
4 15
4 12
4 11
4 6
4 17
4 13
4 7
4 9
4 14
5 8
5 11
5 14
5 17
5 10
5 7
5 13
5 16
5 9
5 6
5 12
5 15
6 7
6 13
6 16
6 14
6 11
6 17
6 8
7 12
7 17
7 13
8 15
8 9
8 16
8 14
8 11
8 17
9 14
9 16
9 11
9 15
9 17
9 10
10 17
10 15
10 11
11 15
11 16
11 14
11 13
11 12
11 17
12 17
12 13
12 15
13 17
13 15
14 17
14 15
14 16
15 16
15 17
16 17
