20
0.4860339960556145 0.9985284754004617
0.9092006971921316 0.862262746932553
0.07061655542594014 0.9670806313810146
0.7116543840572046 0.20910299287549583
0.18744769726324173 0.2034006294240842
0.9372819781758649 0.04457956822830966
0.41039105827533995 0.9249869457755647
0.0747202277625093 0.9470006807418674
0.25555044548816663 0.2994761809264824
0.4738358610621539 0.4689218231656942
0.923250840827447 0.4310188470966182
0.282755371935987 0.6306909322997094
0.7583746752871732 0.7774824879393955
0.8625338130023006 0.7798587161869481
0.17379123192348378 0.23373573487270904
0.6569974244690562 0.00568148546040137
0.7427971575339894 0.9903007445488253
0.7204548941930944 0.6303057429279134
0.35418532497057287 0.25577536121724365
0.8332950653261284 0.01495053639155397
49
0 16
0 12
0 6
1 17
1 16
1 13
1 12
2 6
2 7
2 11
3 15
3 10
3 9
3 19
3 5
3 18
4 8
4 18
4 9
4 14
5 19
5 15
5 10
6 7
6 11
6 12
6 16
7 11
8 9
8 14
8 11
8 18
9 18
9 11
9 17
9 14
10 17
10 12
10 13
11 18
12 16
12 13
12 17
13 17
13 16
14 18
15 19
15 18
16 17
