20
0.9443013393596199 0.030801230771867583
0.35986081135888826 0.6849609188754725
0.7269043503776612 0.31975881661451766
0.9131380564215356 0.44853963135441044
0.2158896575274155 0.9009678699238415
0.5164397729891826 0.1646486340035096
0.4397400369834552 0.22723051526777271
0.6680392847446512 0.3536898172406322
0.88019667224027 0.3922772911570146
0.6598512886433984 0.9536543961833631
0.6477974980131608 0.7150395164737591
0.9978839109285064 0.6549456391283096
0.23998275634155242 0.6242657743294987
0.5438619994701452 0.990493154602425
0.8388949212157275 0.06254352266467567
0.6040035637178601 0.06741198057654374
0.6969905288364286 0.8762406435575406
0.17621881713823473 0.6807435897951175
0.6584644608643433 0.9043379303572261
0.6458342690839439 0.6621289897685694
64
0 14
0 15
0 8
0 2
1 17
1 16
1 10
1 13
1 4
1 19
1 12
1 18
2 8
2 5
2 19
2 6
2 3
2 14
2 7
2 15
3 11
3 7
3 14
3 10
3 19
3 8
4 12
4 13
4 17
5 6
5 15
5 7
5 14
6 7
6 15
7 15
7 19
7 10
7 14
7 8
8 19
8 14
8 10
8 11
9 18
9 10
9 16
9 13
9 19
10 11
10 18
10 13
10 19
10 16
11 16
11 19
12 17
13 16
13 19
13 18
14 15
16 18
16 19
18 19
