14
0.91152605801814 0.38939698549884927
0.845569862909748 0.7303758100276759
0.790127607403061 0.8555784122065021
0.9941526041916587 0.4160146810811878
0.8321715379543597 0.8779700515983337
0.8399117659700427 0.7430689896708081
0.8039249013270866 0.32152720352517616
0.6119392599724894 0.09470899496444041
0.5964350413723079 0.6967837400962863
0.7487655617676275 0.3994835107939465
0.8152142182879967 0.7715065097259641
0.15627976176013625 0.7205496804048512
0.7508445264228036 0.2648605080949227
0.9997917811926269 0.5819515035632504
87
0 7
0 10
0 4
0 1
0 5
0 8
0 2
0 12
0 6
0 9
0 3
0 13
1 6
1 11
1 12
1 5
1 10
1 3
1 4
1 9
1 7
1 2
1 13
1 8
2 5
2 6
2 11
2 12
2 7
2 8
2 13
2 3
2 4
2 9
2 10
3 7
3 12
3 6
3 5
3 10
3 9
3 4
3 13
3 8
4 10
4 5
4 12
4 11
4 6
4 8
4 13
4 9
5 8
5 11
5 10
5 7
5 13
5 9
5 6
5 12
6 9
6 7
6 10
6 13
6 11
6 8
6 12
7 12
7 8
7 11
7 13
7 10
7 9
8 12
8 9
8 13
8 10
8 11
9 13
9 11
9 12
9 10
10 13
10 11
10 12
11 12
12 13
