16
0.9229068952461318 0.3079645685077601
0.32018326503512107 0.2745541565417535
0.9741819778277858 0.07369240463234539
0.6714268119485726 0.4105154355165621
0.29470255843795046 0.8805627971573833
0.9074896567230157 0.8481533197639187
0.691284578591807 0.9071826263663916
0.5295426515912918 0.8799698993084049
0.02177120971868629 0.13574878079162034
0.28283881760860985 0.6953005267863104
0.8068355450956667 0.26064204471392216
0.2318645188938373 0.06407344129614878
0.9099158533582568 0.45740697316677215
0.830940096917509 0.8235499581094906
0.3223421571775448 0.774841032037385
0.7055547348797641 0.5131732127072657
23
0 10
0 3
0 15
0 12
0 2
1 11
2 10
3 15
3 10
3 12
4 7
4 9
4 14
5 6
5 13
6 7
6 13
7 14
8 11
9 14
10 15
10 12
12 15
