14
0.30487011455771285 0.7551576899941627
0.4071553889615427 0.8333801522842761
0.8988061603550568 0.09375391873164662
0.6440552049982752 0.034089261525613423
0.8759974951806445 0.7700124565521058
0.3878273441358234 0.22168602608103527
0.140397251108612 0.5980630333663979
0.1273359711436216 0.5250267877665704
0.5158326010375597 0.5545221185725137
0.5931243697643093 0.7564716724620842
0.5545508211238849 0.6869999278903599
0.5400348180623129 0.8140932200451294
0.15924251529663103 0.07337488978205342
0.7297147838304306 0.4683902229557193
34
0 7
0 10
0 11
0 8
0 1
0 6
0 9
1 6
1 11
1 10
1 9
1 8
2 3
3 5
4 9
4 13
4 10
4 11
5 8
5 12
5 7
6 7
6 8
7 8
8 13
8 9
8 10
8 11
9 11
9 10
9 13
10 11
10 13
11 13
