14
0.5533372190565451 0.3548968136214494
0.19827963937434956 0.4048620170897038
0.6924525268890782 0.590149644771362
0.6931898097847017 0.12293345561580493
0.43233048603952073 0.7470304949231508
0.4080496426772514 0.3094207870805433
0.15275603288568063 0.9211957120547514
0.4736305556283239 0.5960472480114795
0.995081117230766 0.36498748762267175
0.6168791029570541 0.15643262591095808
0.0734765138485961 0.5720125943790687
0.8600655699681997 0.2969781681714636
0.5805386033456582 0.27183062300122607
0.6635884271927086 0.822594006778462
2
0 12
3 9
