12
0.8924824269001779 0.8476164896932663
0.4107772193644301 0.4339789784171917
0.7047782376556964 0.5280446769967805
0.9928877339416153 0.9509448999165419
0.4657205571388148 0.646307216632691
0.532298384206092 0.5664542336477948
0.31772496667051775 0.6727489058525553
0.5450336987101045 0.47379533312448296
0.4135331639092097 0.23933741604270575
0.4576611389262142 0.3159939167196043
0.7622200862669496 0.08318036415938501
0.7751675422424937 0.6242272983289588
65
0 7
0 10
0 3
0 11
0 4
0 5
0 8
0 1
0 6
0 9
0 2
1 3
1 6
1 11
1 2
1 5
1 10
1 4
1 9
1 8
1 7
2 8
2 5
2 4
2 9
2 6
2 10
2 3
2 7
2 11
3 11
3 7
3 10
3 6
3 9
3 5
3 4
4 7
4 8
4 9
4 10
4 5
4 11
4 6
5 9
5 6
5 8
5 11
5 10
5 7
6 9
6 7
6 10
6 11
6 8
7 11
7 10
7 8
7 9
8 9
8 10
8 11
9 11
9 10
10 11
