12
0.7153068892917815 0.49374035677366057
0.7230435924433292 0.16908379181776334
0.5864089001468519 0.634443394143191
0.4115529893651648 0.8437499834652286
0.8389605726981256 0.9072790346068587
0.3486673904861365 0.6258150324665989
0.1769830953674143 0.05625468481734419
0.876921893773853 0.1250387785408179
0.7247883541519861 0.02723628064724737
0.36007882096553767 0.3650629694990377
0.10045984980617195 0.1691348522826629
0.8759285104037372 0.48860341833870635
31
0 2
0 7
0 3
0 11
0 4
0 5
0 8
0 1
0 9
1 11
1 2
1 9
1 8
1 7
2 5
2 9
2 3
2 11
2 4
3 9
3 5
3 4
4 11
5 9
6 9
6 10
7 11
7 8
8 9
8 11
9 10
