12
0.7517555303702362 0.8538990464413772
0.1722814062706718 0.6952150839769968
0.15214711714542228 0.0129606292549449
0.8089372259095007 0.05354570346092835
0.6550299044451131 0.6177298807177807
0.6422873347540862 0.1781288156264783
0.5677589177827338 0.14474278608634827
0.12621608503366144 0.30520065475570934
0.9272784421529564 0.5869593002045255
0.08718229894266094 0.09173435035702271
0.5128551034101146 0.15603379536331785
0.8805596435820818 0.4441251351270812
47
0 11
0 4
0 5
0 8
0 1
1 6
1 2
1 5
1 10
1 4
1 9
1 7
2 5
2 9
2 6
2 10
2 3
2 7
3 11
3 10
3 6
3 5
3 8
3 4
4 7
4 8
4 10
4 5
4 11
4 6
5 9
5 6
5 8
5 11
5 10
5 7
6 9
6 7
6 10
6 11
6 8
7 10
7 9
8 10
8 11
9 10
10 11
