10
0.19722818430369105 0.06997373691113751
0.0007163172598037004 0.48928425159274713
0.2772457655363154 0.9018295160898023
0.8691705716777484 0.5411503345081826
0.33083565195122655 0.45940933658567873
0.7161421136450016 0.29285920853271563
0.16032301003616944 0.18698080271863926
0.09358279023959704 0.18527069345308889
0.775247856896379 0.572080382709654
0.4734582128008473 0.39301315060523456
32
0 7
0 4
0 5
0 1
0 6
0 9
1 6
1 2
1 4
1 9
1 7
2 8
2 9
2 3
2 4
3 9
3 5
3 8
3 4
4 7
4 8
4 9
4 5
4 6
5 9
5 6
5 8
5 7
6 9
6 7
7 9
8 9
