10
0.3929841683431392 0.6225257470553652
0.6371604055999053 0.4908842605906991
0.9871901341520574 0.8575593860856631
0.5392697194698839 0.2618139368125988
0.4152015867277128 0.2164350247338661
0.3983371788738903 0.908627439094796
0.5514289530022627 0.14197598246920307
0.4204727936377114 0.5784150634311842
0.7623184500201527 0.9369870645036125
0.35171626122904753 0.09602849848291894
35
0 7
0 3
0 4
0 5
0 8
0 1
0 6
0 9
0 2
1 3
1 6
1 2
1 5
1 4
1 9
1 8
1 7
2 8
2 5
2 7
3 7
3 6
3 9
3 5
3 4
4 7
4 9
4 5
4 6
5 8
5 7
6 9
6 7
7 8
7 9
