20
0.9957197724944005 0.23366220082291478
0.3157460822216184 0.7446912063750236
0.5171519688748923 0.27584495197317604
0.4667353255812605 0.5758126559547462
0.8419887600470274 0.31182542806440794
0.6313734440673245 0.4320996270957096
0.5414717741314928 0.9771352313714547
0.19745605762091745 0.9927488084302506
0.26934173785400706 0.5924598483190492
0.3018176226401329 0.20768384941944906
0.007573351096652803 0.44452291712034886
0.40082966938844344 0.9718356170825412
0.2027225790364472 0.6129297372041149
0.7400430733715258 0.20608659240005112
0.43732715984052506 0.9245099437208167
0.6760237897224184 0.9701121072507204
0.7356100444192061 0.9676198748909863
0.9248236375464434 0.4619367237942711
0.3105306849780327 0.8428105225655217
0.4937408798692523 0.9658331899282225
47
0 17
0 4
0 13
1 3
1 11
1 14
1 19
1 12
1 18
1 8
1 7
2 5
2 9
2 13
3 5
3 12
3 8
4 13
4 5
4 17
5 13
5 17
6 14
6 15
6 18
6 11
6 19
6 16
7 11
7 19
7 14
7 18
8 12
8 18
10 12
11 14
11 19
11 18
11 15
12 18
14 18
14 19
14 15
15 19
15 16
16 19
18 19
