12
0.40909807342155136 0.04990890749798771
0.6148306375362834 0.9024088655901837
0.22234514911040815 0.9814372923750415
0.9081302366068914 0.6321515144632899
0.4441679469461328 0.8104660411482241
0.38530384969582687 0.9084888353903776
0.36811157369856984 0.7065028909765633
0.8632379720909936 0.5336015889701209
0.5729859906391982 0.972774985637213
0.43145329317194114 0.6903613398838374
0.72761450047836 0.5287812741905816
0.48557736796161155 0.5034810150021026
20
1 4
1 5
1 8
1 9
2 5
2 4
3 10
3 7
4 9
4 6
4 8
4 5
5 9
5 6
5 8
6 9
6 11
7 10
9 11
10 11
