14
0.2645598621839199 0.6206507440033562
0.0699110570038678 0.24777355043406912
0.30549020074231814 0.24874011705235155
0.14599377391999013 0.9940067701505132
0.7905715142427935 0.7459731358867077
0.0043377839260856366 0.51107232250908
0.7822250353877248 0.6331961456109214
0.08895689538534968 0.8868862929847847
0.4764162107392861 0.2995884278994224
0.11708423372656529 0.9884718317545488
0.5480530590419613 0.7774774084144607
0.2068868937026791 0.9350223708392063
0.5179720737727019 0.3576493414952312
0.14058325742968958 0.609544760867481
91
0 7
0 10
0 4
0 1
0 11
0 5
0 8
0 2
0 12
0 6
0 9
0 3
0 13
1 6
1 11
1 12
1 5
1 10
1 3
1 4
1 9
1 7
1 2
1 13
1 8
2 5
2 6
2 11
2 12
2 7
2 8
2 13
2 3
2 4
2 9
2 10
3 7
3 12
3 11
3 6
3 5
3 10
3 9
3 4
3 13
3 8
4 10
4 5
4 12
4 11
4 6
4 8
4 13
4 7
4 9
5 8
5 11
5 10
5 7
5 13
5 9
5 6
5 12
6 9
6 7
6 10
6 13
6 11
6 8
6 12
7 12
7 8
7 11
7 13
7 10
7 9
8 12
8 9
8 13
8 10
8 11
9 13
9 11
9 12
9 10
10 13
10 11
10 12
11 13
11 12
12 13
