18
0.35439216843951493 0.7674193641190085
0.3948212633218863 0.5750731258784557
0.12484293567940752 0.3368584843403496
0.5849368963162918 0.10270301606174614
0.1946538958070343 0.7579356096103934
0.4442346310075699 0.466175816472745
0.03645853549586564 0.1328992797241384
0.48261670440133964 0.15649575224260615
0.5134947830146493 0.13958387574322262
0.48585535779855793 0.07396107420926834
0.44769979819352 0.6951884629478846
0.07485242058616592 0.916328340816828
0.715891905005677 0.9264046907808874
0.13210586480298503 0.514803213500488
0.03559225806160626 0.3721687120111271
0.003177622321857587 0.6170907479124342
0.8226779062027796 0.8510215688856938
0.14514930981674845 0.4986292788190133
21
0 10
0 4
0 1
1 5
1 10
2 13
2 14
2 17
3 7
3 9
3 8
4 11
7 9
7 8
8 9
12 16
13 17
13 15
13 14
14 17
15 17
