14
0.863871407998367 0.8379528534198393
0.06369464607547237 0.9531551963089214
0.6815258369151036 0.6113084031291169
0.5700847653728357 0.1448472280506241
0.3933186299562813 0.8502364816069251
0.19934804676217988 0.08536976979433963
0.09807209654459426 0.06281234156513382
0.3763955862847326 0.5805670623045759
0.30141873561728827 0.8677098240658094
0.1418378776055872 0.7465636491912689
0.16148417279678562 0.6801499462267029
0.27577763932655663 0.28199672651103125
0.9364126284796634 0.24493383626270981
0.003056627260170197 0.45645918226692095
88
0 7
0 10
0 4
0 1
0 11
0 8
0 2
0 12
0 9
0 3
0 13
1 6
1 11
1 5
1 10
1 3
1 4
1 9
1 7
1 2
1 13
1 8
2 5
2 6
2 11
2 12
2 7
2 8
2 13
2 3
2 4
2 9
2 10
3 7
3 12
3 11
3 6
3 5
3 10
3 9
3 4
3 13
3 8
4 10
4 5
4 12
4 11
4 6
4 8
4 13
4 7
4 9
5 8
5 11
5 10
5 7
5 13
5 9
5 6
5 12
6 9
6 7
6 10
6 13
6 11
6 8
6 12
7 12
7 8
7 11
7 13
7 10
7 9
8 12
8 9
8 13
8 10
8 11
9 13
9 11
9 12
9 10
10 13
10 11
10 12
11 13
11 12
12 13
