12
0.7336449207234752 0.2689588561008488
0.8967797481312995 0.5247798531789486
0.5392307942637146 0.6143544243707867
0.8689807637244167 0.32596249143676004
0.6221378876119497 0.6207651245332588
0.5111568077257751 0.8848729141859023
0.4379335207856474 0.32783369848673183
0.4883042004245073 0.46192466887131367
0.7516604753784507 0.28350570916479834
0.3898228710950018 0.04141286229882901
0.8305205058239274 0.827584262632865
0.474300603086264 0.11988259116779754
56
0 2
0 7
0 10
0 3
0 11
0 4
0 8
0 1
0 6
0 9
1 3
1 6
1 11
1 2
1 5
1 10
1 4
1 8
1 7
2 8
2 5
2 9
2 6
2 10
2 3
2 7
2 11
2 4
3 11
3 7
3 10
3 6
3 9
3 8
3 4
4 7
4 8
4 10
4 5
4 11
4 6
5 6
5 10
5 7
6 9
6 7
6 11
6 8
7 11
7 10
7 9
7 8
8 9
8 10
8 11
9 11
