14
0.7702875269985104 0.3038170520687613
0.3796884968285221 0.5443095513620402
0.5351280114574453 0.2527548374970242
0.42987551591786155 0.6824182416414928
0.005510645278319348 0.08511909143445484
0.9369793522428264 0.8257307043427675
0.23418220169557047 0.6391173491835588
0.9053765460205646 0.7773411533536986
0.12635945480961042 0.9272116637836945
0.9576597267158337 0.06438474496535418
0.9495436105936305 0.7912521671316042
0.6183628279641966 0.954995898213473
0.5713678196736748 0.08084252567956696
7.019655477735753e-05 0.6883328521454827
68
0 7
0 10
0 3
0 11
0 4
0 12
0 5
0 1
0 6
0 9
0 2
1 3
1 6
1 11
1 2
1 5
1 10
1 13
1 4
1 9
1 12
1 8
1 7
2 8
2 12
2 5
2 4
2 9
2 13
2 6
2 10
2 3
2 7
2 11
3 11
3 7
3 10
3 6
3 13
3 5
3 12
3 8
3 4
4 12
4 13
4 6
5 9
5 6
5 11
5 10
5 7
6 7
6 10
6 11
6 12
6 8
6 13
7 12
7 11
7 10
7 8
7 9
8 13
8 11
9 10
9 12
10 11
11 13
