14
0.1021653353735732 0.8984859058547829
0.8620180832874831 0.05372790929107807
0.5174171887927689 0.24511018585994704
0.535481552357872 0.2503142336610351
0.47421797570275404 0.783150900234559
0.529875074719764 0.14737890890006755
0.18068714551633291 0.8160906628951675
0.5759591548270606 0.3221580298188642
0.8567693031002522 0.4210087637009263
0.8925502468412 0.07642785762139714
0.11987899700067561 0.555883902858996
0.07971987108250711 0.3219502891813666
0.45568012510818234 0.11525349505234428
0.2827181291432149 0.20408640026264846
21
0 6
1 9
2 12
2 5
2 13
2 3
2 7
3 7
3 13
3 5
3 12
4 6
5 13
5 12
5 7
6 10
7 12
7 8
10 11
11 13
12 13
