14
0.6150028388210764 0.0731078945061876
0.6669575666618748 0.6003740560504783
0.966426738281693 0.24285599094143362
0.5598892103924673 0.16436819771419964
0.35762244225354756 0.5666942537981684
0.1936112841467832 0.41372189999185816
0.9300226592372892 0.8956666548905435
0.47495921009527775 0.8820237130139282
0.4510470148872944 0.3493586176659902
0.9658007811101852 0.6282646762718822
0.02110795644758845 0.9435169846422902
0.15580077098676037 0.6477874478475162
0.8304764531092353 0.34397205612941184
0.907569406471947 0.1810874624803971
73
0 3
0 11
0 4
0 12
0 5
0 8
0 1
0 13
0 9
0 2
1 3
1 6
1 11
1 2
1 5
1 10
1 13
1 4
1 9
1 12
1 8
1 7
2 8
2 12
2 5
2 4
2 9
2 13
2 6
2 3
3 11
3 7
3 13
3 9
3 5
3 12
3 8
3 4
4 7
4 8
4 12
4 9
4 13
4 10
4 5
4 11
4 6
5 13
5 8
5 12
5 11
5 10
5 7
6 9
6 7
6 12
6 8
6 13
7 12
7 11
7 10
7 8
7 9
8 13
8 9
8 10
8 11
8 12
9 13
9 12
10 11
11 12
12 13
