18
0.8862218038849761 0.9521104853823016
0.9925566254538835 0.12241052817187859
0.1768823252312679 0.07541088296624376
0.522229467429348 0.08509862231950693
0.9161250580192907 0.8967169131654528
0.6196983479625274 0.12351875227811004
0.046458402933834075 0.9638934849260736
0.8626185666665627 0.736471886320277
0.7557484795350693 0.7901365734489255
0.23066071102480923 0.6457229086786255
0.6657144253426278 0.7589901190655016
0.5292467784083319 0.41824979161158715
0.2181808471087423 0.832791960626393
0.49953798530137106 0.7126464242297745
0.769035577280151 0.04139400606308263
0.5693678795230491 0.08234074756367438
0.6327701591193359 0.03434208969764729
0.7521685790089004 0.32130750331689695
47
0 7
0 10
0 4
0 8
1 17
1 16
1 14
1 5
2 3
2 15
3 15
3 11
3 17
3 14
3 16
3 5
4 7
4 8
4 10
5 11
5 17
5 15
5 16
5 14
6 9
6 12
7 10
7 8
7 13
8 13
8 10
9 11
9 13
9 12
10 11
10 13
11 16
11 13
11 17
11 15
12 13
14 17
14 15
14 16
15 17
15 16
16 17
