18
0.3470084885123861 0.8057396129095922
0.12370603288404236 0.1828419279092688
0.04025417638246864 0.36488476435410744
0.33861326905044953 0.12567519010929473
0.24965544125540617 0.8657934659146689
0.34278845733865915 0.9242655263230068
0.35544642120676917 0.5576429237253495
0.623571485613674 0.37898314939278044
0.087444211613526 0.9870306107644136
0.5354557253906256 0.9479236457284501
0.21105897542173802 0.4128036870338444
0.7865331704573424 0.3692268196433688
0.59216356629261 0.3276510982537255
0.6123010846795397 0.49478926451844707
0.934042196629281 0.7635899998517894
0.7170140998966659 0.19789212202297768
0.14924967258044708 0.38835600637002354
0.7666903859529245 0.9112086745266783
44
0 4
0 5
0 8
0 6
0 9
1 3
1 2
1 16
1 10
2 16
2 6
2 10
2 3
3 15
3 7
3 10
3 16
3 12
4 8
4 9
4 5
4 6
5 9
5 6
5 8
6 7
6 10
6 12
6 13
6 16
7 12
7 11
7 15
7 13
9 17
10 12
10 16
11 13
11 12
11 15
12 13
12 15
13 15
14 17
