14
0.5446813390185358 0.9674876756251946
0.8692067892971805 0.7574226755358189
0.9201669093666108 0.044405181219964174
0.8255598533379807 0.1986914790799592
0.5603745196774654 0.39223570533890517
0.6857318021470081 0.422982115847217
0.7366167856669099 0.4915795390562815
0.7613162015650619 0.5965574337276782
0.5448681477335158 0.9145320641351343
0.8442548613369725 0.05729694156321652
0.4664370885622806 0.6014211923123758
0.4800933385073116 0.3198777712992883
0.8492405134997816 0.8137322280888408
0.5853511876293276 0.457234479448974
28
0 8
1 6
1 12
1 7
2 9
2 3
3 9
3 5
4 7
4 13
4 10
4 5
4 11
4 6
5 6
5 13
5 11
5 10
5 7
6 7
6 10
6 13
7 12
7 10
7 13
10 11
10 13
11 13
