16
0.6035201437466257 0.9262134024316498
0.36115882926491116 0.2689948094355723
0.5007518700034708 0.6170595246405666
0.5501172812941041 0.6799025321906468
0.17741382045650456 0.3977893474349984
0.748017893880867 0.18234957991751288
0.6677990929426529 0.6256477980894498
0.827590490068716 0.5816144869676476
0.7140405393439856 0.38714975680672736
0.3224690254977235 0.5069189949644439
0.7268908250599048 0.032574466640181265
0.7059388321471559 0.5071835774028137
0.43534613567664326 0.13599930563429552
0.43615944625444325 0.8125603362192919
0.5402481438424619 0.05208077090958385
0.9619182951551578 0.25172338643321057
97
0 7
0 11
0 8
0 2
0 6
0 9
0 3
0 13
1 6
1 11
1 12
1 5
1 10
1 3
1 14
1 4
1 9
1 7
1 2
1 13
1 8
2 5
2 6
2 11
2 12
2 7
2 8
2 13
2 3
2 14
2 4
2 9
2 15
3 7
3 12
3 11
3 6
3 5
3 15
3 9
3 4
3 13
3 8
4 12
4 11
4 6
4 8
4 13
4 9
4 14
5 8
5 11
5 14
5 10
5 7
5 9
5 6
5 12
5 15
6 9
6 7
6 10
6 13
6 14
6 11
6 15
6 8
6 12
7 12
7 8
7 15
7 11
7 13
7 10
7 9
8 15
8 12
8 9
8 13
8 10
8 14
8 11
9 14
9 13
9 11
9 12
10 14
10 15
10 11
10 12
11 15
11 14
11 13
11 12
12 14
12 15
14 15
