20
0.3987848168287539 0.40868947521417953
0.7957781759845849 0.9179201084983293
0.9062558902220993 0.8636340139998885
0.9722911905960245 0.8692105899855811
0.7044989520404517 0.1369431557360432
0.8429738095910232 0.4995875061916457
0.06152379691292775 0.3573363612895556
0.8160110374486229 0.9868992909933709
0.6109661197813914 0.695424718129919
0.1745760812247682 0.5256717541914225
0.880974315954254 0.7209958701471885
0.8643575494303243 0.2582138640921404
0.928432140281665 0.20692436237566503
0.9269887936970284 0.4902535625308242
0.26755553099137774 0.3462322600680978
0.12983355926245832 0.8481419445787387
0.45795518310328676 0.29035396069843367
0.7270890565173459 0.4441851101018356
0.4308247637339053 0.7140972180174601
0.8714958965575983 0.8472036123458554
139
0 10
0 17
0 4
0 1
0 14
0 11
0 18
0 5
0 8
0 2
0 15
0 12
0 19
0 6
0 9
0 16
0 13
1 17
1 11
1 15
1 5
1 10
1 19
1 3
1 18
1 7
1 2
1 13
1 8
2 5
2 17
2 11
2 18
2 12
2 7
2 8
2 19
2 13
2 3
2 10
3 7
3 12
3 18
3 11
3 17
3 5
3 10
3 13
3 19
3 8
4 10
4 5
4 16
4 12
4 11
4 6
4 17
4 8
4 13
4 18
4 9
4 14
5 8
5 18
5 11
5 14
5 17
5 10
5 7
5 13
5 16
5 9
5 19
5 12
6 9
6 16
6 14
6 17
6 15
6 18
6 8
7 19
7 8
7 18
7 17
7 13
7 10
8 15
8 12
8 18
8 9
8 13
8 19
8 10
8 16
8 14
8 11
8 17
9 14
9 16
9 18
9 15
9 17
10 17
10 18
10 13
10 19
10 16
10 11
10 12
11 16
11 14
11 19
11 13
11 18
11 12
11 17
12 17
12 13
12 14
12 19
12 16
13 17
13 16
13 19
13 18
13 14
14 17
14 18
14 15
14 16
15 16
15 18
16 19
16 17
16 18
17 18
17 19
18 19
