16
0.7709793435234575 0.06190591494460351
0.3416885931043796 0.2501675614808174
0.6397410903678802 0.8711462580831297
0.35257760273550365 0.6500373869646395
0.7595694787366765 0.734847455635092
0.5894069330595654 0.21405028594966635
0.09756470282669383 0.7297996125284321
0.47150652326508113 0.11626338464859032
0.5790243406823149 0.23214028669521003
0.729991019587524 0.9031469229923191
0.9730172404272426 0.16967414589548835
0.3077086114525285 0.3306238954447176
0.8206713218264956 0.5958776187985577
0.1973455013358948 0.5040876065036274
0.518234374294847 0.1164865995936546
0.0012728250422400222 0.46154509524380594
12
1 7
1 11
2 9
2 4
4 9
4 12
5 7
5 14
5 8
7 14
7 8
8 14
