10
0.1955214505595243 0.8694886543887246
0.7654112912395657 0.27227569785879746
0.8250094666406511 0.5202671455600295
0.08728177508558543 0.814754566691476
0.229466864758476 0.073497000618449
0.7418901605832484 0.24261265695194534
0.8296548226892627 0.7832352792009455
0.35344925820679574 0.2752112149400845
0.28910271875783167 0.18165001135122427
0.894160851912806 0.19440815075132445
37
0 2
0 7
0 3
0 4
0 8
0 6
1 6
1 2
1 5
1 4
1 9
1 8
1 7
2 8
2 5
2 9
2 6
2 3
2 7
2 4
3 7
3 6
3 8
3 4
4 7
4 8
4 9
4 5
5 9
5 6
5 8
5 7
6 9
6 7
7 9
7 8
8 9
