12
0.9581904496278774 0.03299953075189821
0.9086431976303735 0.6404547135257709
0.46322389164734323 0.7795224170134404
0.6157458873855908 0.347804812784288
0.07040337334717539 0.9958319824394184
0.16057555891823327 0.20966490956367712
0.3699795288385148 0.8590986955229131
0.3261916741758537 0.7122957054547076
0.23592243877090302 0.4934430057399163
0.31387838758856645 0.9089021892969806
0.37955418551658715 0.16914715440028905
0.36880595040215536 0.8416542710821231
31
0 3
1 3
1 2
2 8
2 9
2 6
2 3
2 7
2 11
2 4
3 7
3 10
3 5
3 8
4 7
4 9
4 11
4 6
5 8
5 10
6 9
6 7
6 11
6 8
7 11
7 9
7 8
8 9
8 10
8 11
9 11
