20
0.026980536341503214 0.46223269173180337
0.16155613494655963 0.2732462868933291
0.4443376892352072 0.2449446557811591
0.48996942194492654 0.2353588303196621
0.8672775818368474 0.24213920381525678
0.548387243837212 0.6444606903321579
0.2817637273769916 0.8496480657539632
0.7210428382273233 0.909342183459567
0.23096064789732262 0.3078615405089735
0.8823609036174138 0.8660629182580587
0.4264268963950967 0.5339697955789492
0.8915440493522714 0.7192117552805815
0.16877837475721147 0.3853077551490368
0.4642599385101911 0.5309848878220178
0.4161778128135848 0.48226803154807285
0.04877954523865757 0.1881193045056907
0.7708849681947004 0.9478782895401836
0.16404964194802352 0.05407943563237394
0.954379702104336 0.8779938091266695
0.3394237214809528 0.16483592035027306
155
0 10
0 17
0 1
0 14
0 5
0 8
0 2
0 15
0 12
0 19
0 6
0 3
0 13
1 17
1 6
1 12
1 15
1 5
1 10
1 19
1 3
1 14
1 4
1 2
1 13
1 8
2 5
2 6
2 17
2 11
2 12
2 7
2 8
2 19
2 13
2 3
2 14
2 4
2 9
2 16
2 10
2 15
3 7
3 12
3 18
3 11
3 17
3 6
3 5
3 15
3 10
3 16
3 9
3 4
3 14
3 13
3 19
3 8
4 19
4 10
4 5
4 16
4 12
4 11
4 17
4 8
4 13
4 7
4 18
4 9
4 14
5 8
5 18
5 11
5 14
5 17
5 10
5 7
5 13
5 16
5 9
5 6
5 19
5 12
5 15
6 9
6 7
6 10
6 13
6 16
6 14
6 11
6 15
6 18
6 8
6 12
6 19
7 12
7 8
7 18
7 11
7 14
7 13
7 16
7 10
7 9
8 15
8 12
8 13
8 19
8 10
8 14
8 11
8 17
9 14
9 16
9 13
9 18
9 11
9 10
10 17
10 18
10 13
10 14
10 19
10 15
10 16
10 11
10 12
11 16
11 14
11 19
11 13
11 18
11 12
12 17
12 13
12 14
12 19
12 15
13 17
13 16
13 19
13 15
13 18
13 14
14 17
14 18
14 15
14 19
14 16
15 19
15 17
16 18
17 19
