18
0.305558179130174 0.5591836660595906
0.1575261997806593 0.77326917036213
0.6052756375769596 0.5177336128277188
0.8921762100837579 0.8294506327549322
0.531229016938269 0.14800528050789485
0.5587097608446884 0.3079384295568274
0.1995118566837386 0.8597504467930611
0.3497654140988051 0.001957167492419476
0.33908058803455265 0.24412989734484902
0.9950675989753136 0.19727184757965632
0.314754152935123 0.6443808717134972
0.5736215080622212 0.6539195730140179
0.7405412837717761 0.9663427795082601
0.44735620087260963 0.6311180023660831
0.06377810953755214 0.805855533506124
0.7232219863154368 0.9393991079510647
0.8029277496336327 0.8443165947215961
0.2556604145449939 0.24004799134931132
71
0 14
0 10
0 17
0 11
0 4
0 5
0 8
0 1
0 13
0 6
0 2
1 6
1 11
1 14
1 10
1 13
2 8
2 12
2 5
2 4
2 13
2 16
2 10
2 3
2 17
2 11
2 15
3 15
3 11
3 16
3 13
3 12
4 7
4 8
4 9
4 13
4 5
4 17
5 9
5 13
5 8
5 11
5 17
5 10
5 7
6 14
6 10
6 11
6 13
7 17
7 8
8 13
8 10
8 11
8 17
10 11
10 17
10 13
10 14
11 16
11 13
11 12
11 15
12 16
12 13
12 15
13 17
13 16
13 15
13 14
15 16
