14
0.48624838872462917 0.9750475539033681
0.24340947310924377 0.27881244829198426
0.07171751567868667 0.5126011064207002
0.8159986970027824 0.43698606815445373
0.28822704663406773 0.8278850165676562
0.6629740864748254 0.04843691818410045
0.4884459014980378 0.7720342316001062
0.6283482851440341 0.0032681473286212404
0.3368859692262497 0.3528001068751546
0.8030037025321022 0.009980755831615507
0.6887969689065927 0.9816307789070613
0.7812260811386793 0.4533750867454296
0.5477633690215796 0.408468309572379
0.9629589747075418 0.875442685086367
90
0 7
0 10
0 4
0 1
0 11
0 5
0 8
0 2
0 12
0 6
0 3
0 13
1 6
1 11
1 12
1 5
1 10
1 3
1 4
1 9
1 7
1 2
1 13
1 8
2 5
2 6
2 11
2 12
2 7
2 8
2 13
2 3
2 4
2 9
2 10
3 7
3 12
3 11
3 6
3 5
3 10
3 9
3 4
3 13
3 8
4 10
4 5
4 12
4 11
4 6
4 8
4 13
4 7
4 9
5 8
5 11
5 10
5 7
5 13
5 9
5 6
5 12
6 9
6 7
6 10
6 13
6 11
6 8
6 12
7 12
7 8
7 11
7 13
7 10
7 9
8 12
8 9
8 13
8 10
8 11
9 13
9 11
9 12
9 10
10 13
10 11
10 12
11 13
11 12
12 13
