18
0.37871851439423176 0.017984808084695825
0.24674251153044324 0.8942143012725505
0.6889020093649634 0.6922884276160142
0.686836573285239 0.37471322760840364
0.3973729440288184 0.42664627867571236
0.6571911236792473 0.47035258943813196
0.5441724800228175 0.13288508077390826
0.6742084815140548 0.4393606742845767
0.3235178937928298 0.27485913474606005
0.45900703701634904 0.3735890545381165
0.08125595379965278 0.3468568097375163
0.7028572310786896 0.5136002091094335
0.5721828770174345 0.4732193765715331
0.36838340951112636 0.8223044241941687
0.7204009280004753 0.9155297355559967
0.30898672759780077 0.8142857416994361
0.9327408656394945 0.4443411591880948
0.5568476586262566 0.9914631210617889
135
0 7
0 10
0 4
0 11
0 5
0 8
0 12
0 6
0 9
0 16
0 3
1 17
1 11
1 12
1 15
1 5
1 10
1 3
1 14
1 4
1 9
1 7
1 2
1 13
1 8
2 5
2 6
2 17
2 11
2 12
2 7
2 8
2 13
2 3
2 14
2 4
2 9
2 16
2 10
2 15
3 7
3 12
3 11
3 17
3 6
3 5
3 15
3 10
3 16
3 9
3 4
3 14
3 13
3 8
4 10
4 5
4 16
4 15
4 12
4 11
4 6
4 17
4 8
4 13
4 7
4 9
4 14
5 8
5 11
5 14
5 17
5 10
5 7
5 13
5 16
5 9
5 6
5 12
5 15
6 9
6 7
6 10
6 16
6 11
6 8
6 12
7 12
7 8
7 15
7 17
7 11
7 14
7 13
7 16
7 10
7 9
8 15
8 12
8 9
8 13
8 10
8 16
8 11
9 14
9 16
9 13
9 11
9 12
9 15
9 17
9 10
10 13
10 15
10 11
10 12
11 15
11 16
11 14
11 13
11 12
11 17
12 17
12 13
12 14
12 16
12 15
13 17
13 16
13 15
13 14
14 17
14 15
14 16
15 17
16 17
