18
0.9205021259326348 0.5508333795341691
0.3193451089076963 0.30591107504774206
0.6912323431092936 0.7591319441885822
0.0861096877344808 0.6984525155584742
0.5286913255003662 0.4355634068386792
0.8200901082321439 0.9870084270996717
0.17266111332234946 0.3165371934156631
0.7278772395851477 0.5677414729289753
0.109982388070753 0.484113755279336
0.9933835223697559 0.24888117973225576
0.42892256156328035 0.48268079341521297
0.29428333262011575 0.5820964622436046
0.11607676596157745 0.2797178387375572
0.7140816173683049 0.1710207296939228
0.6174296875508963 0.3306533021429414
0.37848877363298095 0.05655748760505552
0.19895263545721098 0.45005015748652566
0.44207151254009824 0.5554666947242398
91
0 7
0 10
0 17
0 4
0 14
0 5
0 2
0 9
0 13
1 17
1 6
1 11
1 12
1 15
1 16
1 10
1 3
1 14
1 4
1 7
1 13
1 8
2 5
2 17
2 11
2 7
2 14
2 4
2 10
3 12
3 11
3 17
3 6
3 10
3 16
3 8
4 10
4 16
4 15
4 12
4 11
4 6
4 17
4 8
4 13
4 7
4 14
5 7
6 10
6 16
6 14
6 11
6 17
6 15
6 8
6 12
7 17
7 11
7 14
7 13
7 10
7 9
8 12
8 10
8 16
8 11
8 17
9 14
9 13
10 17
10 13
10 14
10 15
10 16
10 11
10 12
11 16
11 14
11 12
11 17
12 17
12 16
12 15
13 17
13 15
13 14
14 17
14 15
14 16
15 16
16 17
