10
0.34545446067665675 0.9066532010105419
0.9485502428183675 0.01042217332470785
0.676754388409424 0.23949797622860225
0.5576591761090791 0.6991278571547951
0.16346193865505265 0.1404194100776196
0.6810464396316606 0.354789282504668
0.6016123897228167 0.44504403499823875
0.28932516253594665 0.48084429481955093
0.2364225756382735 0.6410211110736086
0.029521359054275553 0.033214823578369024
29
0 7
0 3
0 8
0 6
1 6
1 2
1 5
2 8
2 5
2 6
2 3
2 7
2 4
3 7
3 6
3 5
3 8
4 7
4 8
4 9
4 5
4 6
5 6
5 8
5 7
6 7
6 8
7 9
7 8
