14
0.16073355087364394 0.6211644355671858
0.60919492324163 0.02737682216877968
0.9066593495172116 0.9360228875470387
0.667428443426284 0.9043430333580588
0.4818543644737734 0.9581820234504007
0.39624425233204297 0.8163859505812961
0.9748254946741663 0.8880606759289091
0.3857939746042479 0.8802640686793438
0.12510149739455667 0.6593204588673598
0.6555472866614194 0.9023421207439494
0.12243402137311743 0.4625340539336986
0.9397079317264216 0.968594855844338
0.20416958844750133 0.2687902597550833
0.4171294144318771 0.8156250888138273
15
0 10
0 8
2 6
2 11
3 9
3 4
4 7
4 9
4 5
4 13
5 7
5 13
6 11
7 13
8 10
