10
0.8837451972622912 0.7794209025899806
0.8737921654165508 0.3437165748317178
0.2628002290125311 0.4301729462290351
0.6292763434453211 0.8804038614106623
0.3576020031759036 0.17059390838696187
0.9573199715035432 0.6182378246539921
0.42405290430935105 0.7317483040997348
0.5096082582658396 0.7658160150793294
0.28712072923313803 0.4894686088587641
0.9722167791041336 0.33822331485266166
45
0 2
0 7
0 3
0 4
0 5
0 8
0 1
0 6
0 9
1 3
1 6
1 2
1 5
1 4
1 9
1 8
1 7
2 8
2 5
2 9
2 6
2 3
2 7
2 4
3 7
3 6
3 9
3 5
3 8
3 4
4 7
4 8
4 9
4 5
4 6
5 9
5 6
5 8
5 7
6 9
6 7
6 8
7 8
7 9
8 9
