12
0.6655536172333023 0.8952290750095944
0.24906609844639416 0.9427657438965515
0.7669176523031458 0.5824361624927578
0.4327817366515574 0.6747657911744264
0.20887792150776263 0.4779854947898652
0.7268888228657375 0.40883851245115066
0.9469703187772082 0.8808698636853424
0.08344395645581615 0.2875512823664086
0.7488765836138948 0.6108374259797382
0.5177968282707143 0.8501287051325337
0.36692774078980184 0.8865185641545293
0.7785981168162907 0.6491175750553106
57
0 2
0 10
0 3
0 11
0 4
0 5
0 8
0 1
0 6
0 9
1 3
1 11
1 2
1 10
1 4
1 9
1 8
1 7
2 8
2 5
2 9
2 6
2 10
2 3
2 11
2 4
3 11
3 7
3 10
3 6
3 9
3 5
3 8
3 4
4 7
4 8
4 9
4 10
4 5
4 11
5 9
5 6
5 8
5 11
5 10
5 7
6 9
6 10
6 11
6 8
7 10
8 9
8 10
8 11
9 11
9 10
10 11
