18
0.5525663709503317 0.4634804939165804
0.789583969863359 0.8704036878559956
0.8590120403480823 0.1310911912573055
0.9143470908914764 0.149680862431951
0.8181632149244523 0.19274055874462526
0.12842720761825466 0.7306733045023759
0.5701514973271724 0.11813471548382803
0.5262316234500877 0.4151854922107783
0.9818011434377325 0.5782620039029139
0.34853126456891736 0.23252547932715306
0.2594220681962759 0.0875216495295853
0.7449323477732627 0.048766746624061774
0.9120958081040881 0.01711206048114211
0.3870408863659325 0.4215307465555924
0.2583703465650594 0.4611870233624633
0.617906123956563 0.09654676555361141
0.22372712115944926 0.8654678533036428
0.792270205389373 0.7029800488714577
76
0 14
0 7
0 10
0 3
0 15
0 17
0 11
0 4
0 8
0 1
0 13
0 6
0 9
0 2
1 17
1 8
2 8
2 12
2 4
2 15
2 6
2 3
2 7
2 11
3 15
3 11
3 7
3 6
3 4
3 12
3 8
4 7
4 8
4 12
4 9
4 13
4 11
4 6
4 15
5 13
5 16
5 14
6 9
6 14
6 7
6 10
6 15
6 11
6 12
6 13
7 11
7 15
7 10
7 14
7 9
7 13
7 17
7 8
8 17
9 15
9 11
9 14
9 10
9 13
10 11
10 15
10 13
10 14
11 12
11 15
12 15
13 17
13 16
13 15
13 14
14 16
