12
0.6442307116842343 0.3907338509630146
0.9307315644866072 0.22610780401682207
0.06916696881916407 0.7744575255059128
0.12901413845622267 0.5003906416100798
0.3015064273098146 0.7382623364550196
0.7681065002715574 0.11186345592484315
0.43667212614470674 0.8675333749630496
0.03140735331397515 0.11328803055385372
0.7235840883397651 0.013344917035236326
0.9755857548058879 0.6117722738897751
0.7838924798206808 0.1841981738140407
0.3816341941830571 0.35571344986496467
21
0 10
0 11
0 5
0 8
0 1
0 9
1 5
1 10
1 9
1 8
2 6
2 3
2 4
3 11
3 7
3 4
4 11
4 6
5 8
5 10
8 10
