14
0.9902951195366773 0.2389108059437205
0.16560707424752286 0.8056733713830547
0.2153201304007365 0.2047119793863006
0.7817157290308743 0.6935331530180187
0.8084446078083661 0.4283837439816368
0.23852553344858085 0.9662518450897168
0.6527527695704073 0.2148643524026238
0.4058476483947293 0.30739829500260274
0.7855709269877769 0.7450115855142416
0.9062512274290991 0.3975047704646981
0.8816007831014889 0.5012411301945298
0.06747569672466891 0.47736493789325485
0.16128005765916165 0.6495110830987711
0.33817129436580196 0.23323441030101844
87
0 7
0 10
0 4
0 8
0 2
0 6
0 9
0 3
0 13
1 6
1 11
1 12
1 5
1 10
1 3
1 4
1 9
1 7
1 2
1 13
1 8
2 5
2 6
2 11
2 12
2 7
2 8
2 13
2 3
2 4
2 9
2 10
3 7
3 12
3 11
3 6
3 5
3 10
3 9
3 4
3 13
3 8
4 10
4 5
4 12
4 11
4 6
4 8
4 13
4 7
4 9
5 8
5 11
5 10
5 7
5 13
5 9
5 6
5 12
6 9
6 7
6 10
6 13
6 11
6 8
6 12
7 12
7 8
7 11
7 13
7 10
7 9
8 12
8 9
8 13
8 10
8 11
9 13
9 11
9 12
9 10
10 13
10 11
10 12
11 13
11 12
12 13
