20
0.8214866217158857 0.7444153693128435
0.7951515570045892 0.3802631210857389
0.6233239101273556 0.18965947026211816
0.9466483895354934 0.3367680430433556
0.763875380838346 0.7909955476838941
0.0017602662872201469 0.5707375039632596
0.33726791239485754 0.763856666846751
0.7694625337110672 0.9039453268092654
0.06716207603753788 0.11668914312648415
0.6472952090260427 0.9329680895329242
0.252462196543372 0.8290677514411219
0.6463909144623015 0.18545594149227163
0.332541290284903 0.28963607663114177
0.7107589596070207 0.39215649111895823
0.2648708033530448 0.6531401461870991
0.682688757696111 0.8431338550460705
0.32405342465194564 0.9889246713821107
0.9889892190402496 0.8683926998886295
0.6122818553902716 0.5795476450765835
0.9074854087559584 0.28678223794900337
168
0 7
0 10
0 17
0 4
0 1
0 14
0 11
0 18
0 2
0 15
0 12
0 19
0 6
0 9
0 16
0 3
0 13
1 17
1 6
1 11
1 12
1 15
1 16
1 10
1 19
1 3
1 14
1 4
1 9
1 18
1 7
1 2
1 13
1 8
2 5
2 6
2 17
2 11
2 18
2 12
2 7
2 8
2 19
2 13
2 3
2 14
2 4
2 9
2 10
2 15
3 7
3 12
3 18
3 11
3 17
3 6
3 15
3 9
3 4
3 14
3 13
3 19
4 19
4 10
4 5
4 16
4 15
4 12
4 11
4 6
4 17
4 13
4 7
4 18
4 9
4 14
5 8
5 18
5 11
5 14
5 10
5 13
5 16
5 9
5 6
5 12
5 15
6 9
6 7
6 10
6 13
6 16
6 14
6 11
6 17
6 15
6 18
6 8
6 12
6 19
7 12
7 19
7 15
7 18
7 17
7 11
7 14
7 13
7 16
7 10
7 9
8 12
8 18
8 13
8 10
8 14
8 11
9 14
9 16
9 19
9 13
9 18
9 11
9 12
9 15
9 17
9 10
10 17
10 18
10 13
10 14
10 15
10 16
10 11
10 12
11 15
11 14
11 19
11 13
11 18
11 12
11 17
12 13
12 18
12 14
12 19
12 16
12 15
13 17
13 16
13 19
13 15
13 18
13 14
14 17
14 18
14 15
14 19
14 16
15 16
15 19
15 18
15 17
16 17
16 18
17 18
17 19
18 19
