16
0.6000119987197922 0.39665835999768195
0.7287741881043456 0.7711221374493195
0.4969713970633812 0.11556304847302101
0.3566975850380658 0.3611208872897592
0.05525332986649689 0.4436885945033612
0.04569153837596729 0.7430110726723167
0.5724821638835869 0.1559998023555571
0.39166673737018964 0.22666120681145518
0.6513990941300105 0.8962795459351733
0.076658814900194 0.3932723425191922
0.4443179252036995 0.20068802368126826
0.16918726594650435 0.09280618759538706
0.2598858108855676 0.1466525366816075
0.6955506330683389 0.42611461398304684
0.04949795695543091 0.2998395255467524
0.94302081358709 0.7244295644207975
5
0 13
2 6
4 9
7 10
9 14
