14
0.5046798468856444 0.4740385570164798
0.9199456834753246 0.38835716030903655
0.7204276455614236 0.011018424231650004
0.7396965162520344 0.0965693724976956
0.6877348371379894 0.9417325401661238
0.6109244153474712 0.8566154681268898
0.5880640569895971 0.5450116607795535
0.8381009778150953 0.34969646450974323
0.20474349568676564 0.22828001146640364
0.013039229519600792 0.8761524773265917
0.6164930462064657 0.5206096244294299
0.5242002217430285 0.06485999285100219
0.052200749399708646 0.573822819468321
0.3225015096475006 0.6275202013974773
29
0 7
0 10
0 5
0 8
0 13
0 6
1 3
1 6
1 10
1 7
2 3
2 7
2 11
3 11
3 7
4 5
5 6
5 13
5 10
6 7
6 10
6 13
7 10
8 11
8 12
9 13
9 12
10 13
12 13
