20
0.22126943602051807 0.9961642375013504
0.10390846551391741 0.5571976684412718
0.7321105005231926 0.12554631518954507
0.5789647674379871 0.03938276924147088
0.03401048959602182 0.7496151584616675
0.4755867295563424 0.25123555964658506
0.648742790860474 0.26652354089460617
0.9058574227606719 0.4577895992701092
0.9405403583814326 0.31445285867248407
0.030418761804189343 0.8949124830170064
0.25443246587565194 0.6741982402702599
0.9277885717095871 0.8103301792872803
0.16789575837754112 0.0016168395596288798
0.07160517164024083 0.20588602445827642
0.091194901031735 0.43876653282557987
0.8546422629701484 0.2581476008737935
0.23565131272563056 0.22018842383765425
0.31811829981273554 0.2252234791264619
0.013908322829889408 0.23560677326732693
0.039285313627290264 0.8548235542655058
162
0 7
0 10
0 17
0 4
0 1
0 14
0 11
0 18
0 5
0 19
0 6
0 9
0 16
0 13
1 17
1 6
1 11
1 12
1 15
1 16
1 5
1 10
1 19
1 3
1 14
1 4
1 9
1 18
1 7
1 2
1 13
1 8
2 5
2 6
2 17
2 11
2 18
2 12
2 7
2 8
2 13
2 3
2 14
2 16
2 10
2 15
3 7
3 12
3 18
3 11
3 17
3 6
3 5
3 15
3 10
3 16
3 4
3 14
3 13
3 8
4 19
4 10
4 5
4 16
4 12
4 11
4 6
4 17
4 13
4 18
4 9
4 14
5 8
5 18
5 11
5 14
5 17
5 10
5 7
5 13
5 16
5 9
5 6
5 19
5 12
5 15
6 9
6 7
6 10
6 13
6 16
6 14
6 11
6 17
6 15
6 18
6 8
6 12
6 19
7 12
7 8
7 15
7 17
7 11
7 14
7 13
7 16
7 10
8 15
8 12
8 13
8 10
8 16
8 14
8 11
8 17
9 14
9 16
9 19
9 13
9 18
9 17
9 10
10 17
10 18
10 13
10 14
10 19
10 15
10 16
10 11
10 12
11 15
11 19
11 17
12 17
12 13
12 18
12 14
12 19
12 16
12 15
13 17
13 16
13 19
13 15
13 18
13 14
14 17
14 18
14 15
14 19
14 16
15 16
15 18
15 17
16 19
16 17
16 18
17 18
17 19
18 19
