12
0.9436749846921438 0.16841547688552427
0.7883428805301526 0.6369442663075906
0.3198639736022134 0.7696441264401195
0.6873510819330115 0.008947508955430505
0.35685035233977125 0.8514303904753301
0.8142108283809047 0.7367033270440888
0.9541086891718613 0.8972170355931927
0.6528348067492593 0.526440266407567
0.14195082601808784 0.3288752585589969
0.906461736286304 0.27311531467227845
0.85696488604499 0.5073561853876286
0.5935396449080809 0.19705590883056756
66
0 7
0 10
0 3
0 11
0 4
0 5
0 8
0 1
0 6
0 9
0 2
1 3
1 6
1 11
1 2
1 5
1 10
1 4
1 9
1 8
1 7
2 8
2 5
2 4
2 9
2 6
2 10
2 3
2 7
2 11
3 11
3 7
3 10
3 6
3 9
3 5
3 8
3 4
4 7
4 8
4 9
4 10
4 5
4 11
4 6
5 9
5 6
5 8
5 11
5 10
5 7
6 9
6 7
6 10
6 11
6 8
7 11
7 10
7 8
7 9
8 9
8 10
8 11
9 11
9 10
10 11
