12
0.19930712783215376 0.42973278847351615
0.39175867208135995 0.8032402227317337
0.4800278932421075 0.7828233411253182
0.7778706123557513 0.8613889230959879
0.6392340693737952 0.28351224473402015
0.7139834665980624 0.28846218022728576
0.3259721668689548 0.7901013571416413
0.9188424778246008 0.4850963238164573
0.20224068089566272 0.40381573826940564
0.4846156774867425 0.29473587137922286
0.27825201723502957 0.9629416248898066
0.8017982177526641 0.3359085226521715
66
0 7
0 10
0 3
0 11
0 4
0 5
0 8
0 1
0 6
0 9
0 2
1 3
1 6
1 11
1 2
1 5
1 10
1 4
1 9
1 8
1 7
2 8
2 5
2 4
2 9
2 6
2 10
2 3
2 7
2 11
3 11
3 7
3 10
3 6
3 9
3 5
3 8
3 4
4 7
4 8
4 9
4 10
4 5
4 11
4 6
5 9
5 6
5 8
5 11
5 10
5 7
6 9
6 7
6 10
6 11
6 8
7 11
7 10
7 8
7 9
8 9
8 10
8 11
9 11
9 10
10 11
