20
0.028983526217694067 0.676653602413026
0.8640005130199225 0.46037233812939715
0.3594602420501878 0.7800495399666161
0.8428643150145686 0.609130402264295
0.034188162167847924 0.08637641214178948
0.5973761249370374 0.4264674377598793
0.48251380059203763 0.6059063319186525
0.5601282621023436 0.4185395241439499
0.8201039840690675 0.9236649766563766
0.7908787402802753 0.35094731725066175
0.888804071577729 0.5405537568541651
0.03638714586685421 0.5744115941759863
0.9266274022989156 0.22300215677354474
0.9373707864910259 0.5922721471138791
0.08009081123690787 0.6549053927152101
0.38522450963384114 0.8348910347942781
0.016300564041718535 0.5978178223340699
0.9507828505541841 0.6984125563748667
0.29116906368584106 0.334881083685156
0.5734531537299512 0.7534533783361108
173
0 7
0 10
0 4
0 1
0 14
0 11
0 18
0 5
0 8
0 2
0 15
0 19
0 6
0 9
0 16
0 3
1 17
1 6
1 11
1 12
1 15
1 16
1 5
1 10
1 19
1 3
1 14
1 9
1 18
1 7
1 2
1 13
1 8
2 5
2 6
2 17
2 11
2 18
2 12
2 7
2 8
2 19
2 13
2 3
2 14
2 4
2 9
2 16
2 10
2 15
3 7
3 12
3 18
3 11
3 17
3 6
3 5
3 15
3 10
3 16
3 9
3 14
3 13
3 19
3 8
4 19
4 5
4 16
4 15
4 11
4 6
4 7
4 18
4 9
4 14
5 8
5 18
5 11
5 14
5 17
5 10
5 7
5 13
5 16
5 9
5 6
5 19
5 12
5 15
6 9
6 7
6 10
6 13
6 16
6 14
6 11
6 17
6 15
6 18
6 8
6 12
6 19
7 12
7 19
7 8
7 15
7 18
7 17
7 11
7 14
7 13
7 16
7 10
7 9
8 15
8 12
8 18
8 9
8 13
8 19
8 10
8 16
8 14
8 11
8 17
9 14
9 16
9 19
9 13
9 18
9 11
9 12
9 15
9 17
9 10
10 17
10 18
10 13
10 14
10 19
10 15
10 16
10 11
10 12
11 15
11 16
11 14
11 19
11 18
12 17
12 13
12 18
12 19
12 15
13 17
13 19
13 15
13 18
13 14
14 17
14 18
14 15
14 19
14 16
15 16
15 19
15 18
15 17
16 19
16 18
17 18
17 19
18 19
