20
0.46121629372588957 0.7218454748968187
0.17067221092905283 0.13708764197107404
0.3463486956192263 0.21878947691165873
0.007415809054224454 0.4480464189297346
0.2950137339208655 0.6337298609720269
0.26356840483510857 0.40191126565836477
0.5870193331724535 0.823333886392983
0.6571228205404027 0.5373945182809502
0.6907792529406959 0.26009687186115027
0.7467955357244039 0.6627061556095655
0.8578086765892448 0.8057310805702578
0.32823156329929803 0.1785090244601667
0.12336234938378243 0.9589781385933043
0.5555365834601613 0.8918021590466689
0.61230390557519 0.0008027917049412414
0.3950766073257147 0.798354141310256
0.4250642199643033 0.282270973338115
0.19634138539615842 0.3790688885703263
0.472728641641192 0.4508429909920525
0.008024375396299965 0.767479954793301
74
0 7
0 15
0 4
0 18
0 5
0 13
0 6
0 9
1 3
1 17
1 11
1 2
1 16
1 5
2 18
2 8
2 5
2 16
2 14
2 17
2 11
3 17
3 19
3 5
3 4
4 7
4 18
4 12
4 19
4 13
4 5
4 16
4 6
4 15
4 17
5 18
5 11
5 17
5 16
6 9
6 7
6 10
6 15
6 18
6 13
7 16
7 15
7 10
7 18
7 8
7 9
7 13
8 14
8 16
8 11
8 18
9 18
9 15
9 10
9 13
10 13
11 16
11 14
11 18
11 17
12 15
12 19
13 15
14 16
15 19
15 18
16 17
16 18
17 18
