16
0.08184061380056751 0.7588201563469139
0.9879014256492622 0.7329171189099264
0.41258607990699303 0.06986953915944427
0.1557248877180739 0.17593971543805786
0.770745704736472 0.7236512974478756
0.2552000544192863 0.37611411963976427
0.27844623691376913 0.9306318080123401
0.717193671847184 0.11159866313544431
0.9787587859668292 0.5328917496953838
0.043290120917985786 0.35892361699622743
0.24508743433598268 0.5964078331241682
0.6929337228862911 0.18050318683858035
0.16465253372042532 0.6125681053039729
0.00747250777167785 0.4963015796082756
0.8017941384188649 0.19573414506640519
0.7917094440743361 0.4477441622325691
2
7 11
10 12
