16
0.8609135626247604 0.5600324780713104
0.9484582753466628 0.46688458483939865
0.27993041627059867 0.07994629137387543
0.8854163101400037 0.7559438872485501
0.9161191339051425 0.36575074004435226
0.5214120830902191 0.25849049409792724
0.865495179214329 0.6491354090379675
0.1719210675037992 0.8565590298843622
0.206357472875763 0.8103224992656892
0.8804623126974097 0.1332523105504435
0.8025872461429412 0.41753073351926207
0.9548281964505735 0.31415412831959744
0.5556541880307905 0.08768557293292756
0.5518010808577227 0.9359795124495287
0.9747214836677116 0.25251355181373525
0.1832691886812855 0.011044546062449201
117
0 7
0 10
0 4
0 1
0 14
0 11
0 5
0 8
0 2
0 15
0 12
0 6
0 9
0 3
0 13
1 6
1 11
1 12
1 15
1 5
1 10
1 3
1 14
1 4
1 9
1 7
1 2
1 13
1 8
2 5
2 6
2 11
2 12
2 7
2 8
2 13
2 3
2 14
2 4
2 9
2 10
2 15
3 7
3 12
3 11
3 6
3 5
3 10
3 9
3 4
3 14
3 13
3 8
4 10
4 5
4 15
4 12
4 11
4 6
4 8
4 13
4 7
4 9
4 14
5 8
5 11
5 14
5 10
5 7
5 13
5 9
5 6
5 12
5 15
6 9
6 7
6 10
6 13
6 14
6 11
6 15
6 8
6 12
7 12
7 8
7 15
7 11
7 13
7 10
8 15
8 12
8 9
8 13
8 10
8 14
8 11
9 14
9 13
9 11
9 12
9 15
9 10
10 13
10 14
10 15
10 11
10 12
11 15
11 14
11 13
11 12
12 13
12 14
12 15
13 15
13 14
14 15
