18
0.9243544044406342 0.23389403686187604
0.8521840123016783 0.46253463539460526
0.156007184548705 0.019630624300454924
0.16126527926939893 0.9718594383990232
0.2057147725752808 0.03273757018629564
0.7359708408170645 0.1347383599278945
0.8888363665644379 0.7761092451564149
0.49159071121309883 0.6896048676230123
0.788952013251245 0.14272190621284797
0.27623310238153675 0.5508402119782516
0.9149538935846702 0.1137246115234769
0.32042682333343686 0.33328367817180227
0.6266370607366195 0.24921643218519696
0.8183383292152019 0.7441550968197029
0.4809296153944147 0.18606426752163663
0.27720627834498035 0.39194196510194135
0.6150371341249171 0.2428346685925583
0.8497076894596822 0.11699396239628745
137
0 7
0 10
0 17
0 4
0 1
0 14
0 11
0 5
0 8
0 2
0 15
0 12
0 6
0 9
0 16
0 13
1 17
1 6
1 11
1 12
1 15
1 16
1 5
1 10
1 14
1 4
1 9
1 7
1 13
1 8
2 5
2 17
2 11
2 12
2 7
2 8
2 14
2 4
2 9
2 16
2 10
2 15
3 7
3 11
3 6
3 15
3 9
3 13
4 10
4 5
4 16
4 15
4 12
4 11
4 17
4 8
4 7
4 9
4 14
5 8
5 11
5 14
5 17
5 10
5 7
5 13
5 16
5 9
5 6
5 12
5 15
6 9
6 7
6 10
6 13
6 16
6 14
6 11
6 17
6 15
6 8
6 12
7 12
7 8
7 15
7 17
7 11
7 14
7 13
7 16
7 10
7 9
8 15
8 12
8 9
8 13
8 10
8 16
8 14
8 11
8 17
9 14
9 16
9 13
9 11
9 12
9 15
9 17
9 10
10 17
10 13
10 14
10 15
10 16
10 11
10 12
11 15
11 16
11 14
11 13
11 12
11 17
12 17
12 13
12 14
12 16
12 15
13 17
13 16
13 15
13 14
14 17
14 15
14 16
15 16
15 17
16 17
