14
0.15982192594974376 0.3155177212639998
0.009005149474888285 0.8211230119193917
0.954152859721595 0.20521714978640337
0.43223871937190517 0.656472948611261
0.2789530486051812 0.026982057463675768
0.03461732378881843 0.896136545585867
0.7940037634854852 0.09416904279006699
0.8176168455589619 0.029415689988297244
0.8430517206707943 0.9418102405584194
0.5433051772290315 0.03235608459790684
0.4376663543642897 0.1092671814304167
0.17316949494163325 0.8490249817717981
0.8947879754544574 0.3939031173110581
0.5855238390813858 0.7461248985690374
81
0 7
0 10
0 3
0 11
0 4
0 12
0 5
0 8
0 1
0 13
0 6
0 9
0 2
1 3
1 11
1 5
1 10
1 13
1 4
1 9
1 12
1 8
2 8
2 12
2 4
2 9
2 13
2 6
2 10
2 3
2 7
3 11
3 7
3 10
3 6
3 13
3 9
3 5
3 12
3 8
3 4
4 7
4 12
4 9
4 13
4 10
4 5
4 11
4 6
5 13
5 8
5 12
5 11
5 10
6 9
6 7
6 10
6 11
6 12
6 8
6 13
7 12
7 10
7 8
7 9
7 13
8 13
8 9
8 10
8 11
8 12
9 11
9 10
9 13
9 12
10 11
10 12
10 13
11 13
11 12
12 13
