16
0.9769430174753444 0.6686884429168749
0.9959814795108106 0.01348460801131135
0.6323075228141535 0.8253874124526037
0.5639581349962902 0.884460889656986
0.2756989985430788 0.9457347233506609
0.46371193394853216 0.19599744300172195
0.505754889293858 0.7897765516279238
0.37795922731485987 0.38474027931172594
0.39013923754465385 0.6456171895787849
0.3063802853523506 0.7051428629299819
0.64942851416656 0.6748778344697045
0.2882291222580008 0.9427478910369413
0.9094441505738229 0.03744718335668051
0.4136094321732634 0.5428633775390045
0.7133654154539228 0.2556214665283414
0.2366038720869078 0.1159775608215361
61
0 14
0 2
0 10
0 3
0 6
1 14
1 12
2 8
2 9
2 13
2 6
2 10
2 3
2 11
2 4
3 11
3 10
3 6
3 13
3 9
3 8
3 4
4 8
4 9
4 13
4 10
4 11
4 6
5 13
5 8
5 12
5 15
5 7
5 14
6 9
6 7
6 10
6 11
6 8
6 13
7 15
7 10
7 14
7 9
7 8
7 13
8 13
8 9
8 10
8 11
9 11
9 10
9 13
10 11
10 13
10 14
11 13
12 14
13 15
13 14
14 15
