16
0.3102849229957295 0.4781886305536761
0.2921242349513795 0.18578065891937834
0.19176380836883844 0.37297083652564655
0.5292031834460059 0.07081423693961142
0.4100723578597446 0.9814290758228658
0.021536963032170786 0.9331146981598233
0.9568401717351187 0.4584790069387559
0.982677917913271 0.9541470953348176
0.8229552823770822 0.3359090171257847
0.3030068034874034 0.9699865357767544
0.4051002647645098 0.9442226873342142
0.3841906951676056 0.777068177981965
0.018308960893257287 0.16240723522532574
0.7422486910980796 0.4303748188462102
0.5098166165565298 0.19630455130216373
0.3197102782691589 0.9306272195722042
23
0 1
0 2
1 3
1 2
1 14
1 12
2 12
3 14
4 9
4 10
4 11
4 15
5 9
5 15
6 8
6 13
8 13
9 15
9 11
9 10
10 11
10 15
11 15
