18
0.8739743990235367 0.5655238494601942
0.0872901657140912 0.10967026861884221
0.5011882913626746 0.5753751573631743
0.6526425873740226 0.07214126016232447
0.2620120529714014 0.0931976321831175
0.700576813165145 0.1573810216628322
0.3369819243920046 0.6403379136668519
0.6974736262014979 0.5755447323729034
0.812470750639823 0.2220881306045439
0.39535558011958305 0.7994115339861804
0.9305111438726124 0.7759470909722648
0.011168818185045337 0.6695740190794788
0.45267421360628757 0.9151257352750163
0.635318213218302 0.279576781765032
0.43061762401394654 0.7773567478358979
0.861548217556945 0.5574256066046199
0.7271556561657325 0.8653874077399593
0.83779372549882 0.6437142102334272
75
0 14
0 2
0 7
0 16
0 10
0 15
0 17
0 5
0 8
0 13
1 4
2 8
2 12
2 5
2 9
2 13
2 16
2 6
2 10
2 14
2 17
2 7
2 11
2 15
3 13
3 5
3 8
3 4
4 13
4 5
5 13
5 8
5 15
5 7
6 9
6 14
6 7
6 11
6 12
6 13
6 16
7 12
7 16
7 15
7 10
7 14
7 9
7 8
7 13
7 17
8 13
8 15
8 17
9 11
9 17
9 14
9 16
9 12
10 17
10 15
10 12
10 16
10 14
11 14
12 16
12 17
12 14
13 17
13 15
14 17
14 15
14 16
15 16
15 17
16 17
