18
0.9285166371288225 0.6005926375540604
0.48663287813984846 0.5227229574816161
0.2989528687060068 0.7369992728998653
0.8019481111991429 0.7577501473834798
0.05277615720906592 0.4650847564552265
0.06927024558050143 0.04117527647525687
0.021127710025505286 0.7361118772522387
0.41030652459855643 0.6386758552582182
0.8944574140285447 0.9738407029438405
0.2219414335983666 0.978444061003446
0.37107271328817204 0.5366915144539883
0.17724153155700173 0.16597775139797366
0.5812730068930156 0.06712430296628857
0.7589873664140944 0.03959291333156645
0.8285855877839035 0.1433127230264466
0.8269797566707826 0.9465786509085866
0.8288502729975967 0.1393677088057811
0.41826704252967484 0.5260281417203923
14
1 17
1 7
1 10
2 7
3 15
5 11
7 10
7 17
8 15
10 17
12 13
13 14
13 16
14 16
