14
0.8403552988110228 0.2471126440170961
0.5786671394267977 0.28128014753465125
0.3963677185687865 0.17423050260088946
0.11321748655771968 0.07104580048679154
0.7589137747199236 0.3665444790327378
0.09724299817284077 0.6897882711107122
0.7588756081704984 0.3464741978177738
0.692878116896196 0.22031400775265708
0.5491120610044469 0.19010311716195005
0.5680340703499979 0.7641387229276886
0.41477828948747286 0.6327518186985464
0.0022632258895466384 0.20961174141888816
0.2881829976645688 0.6298889166964058
0.4493602672384496 0.9413613135220631
90
0 7
0 10
0 4
0 1
0 11
0 5
0 8
0 2
0 12
0 6
0 9
0 3
0 13
1 6
1 11
1 12
1 5
1 10
1 3
1 4
1 9
1 7
1 2
1 13
1 8
2 5
2 6
2 11
2 12
2 7
2 8
2 13
2 3
2 4
2 9
2 10
3 7
3 12
3 11
3 6
3 5
3 10
3 9
3 4
3 8
4 10
4 5
4 12
4 11
4 6
4 8
4 13
4 7
4 9
5 8
5 11
5 10
5 7
5 13
5 9
5 6
5 12
6 9
6 7
6 10
6 13
6 11
6 8
6 12
7 12
7 8
7 11
7 13
7 10
7 9
8 12
8 9
8 13
8 10
8 11
9 13
9 11
9 12
9 10
10 13
10 11
10 12
11 13
11 12
12 13
