20
0.3275526977884706 0.05636560365528476
0.9646349865857854 0.19798621638379088
0.9859634576330878 0.37746298834839687
0.6536896163581527 0.683605743169434
0.2636173542746155 0.3576678395910521
0.4248233056997883 0.12760901915634926
0.6225148285515402 0.6958217226933239
0.13591310622996755 0.7489972520419341
0.26229586528412274 0.9726510017541534
0.3171570780708568 0.6824449540294536
0.27083947518375207 0.2114635097149894
0.6086036996916446 0.705641250843244
0.6201997384925937 0.32599584375637547
0.7552740142200114 0.9183665269932415
0.2666660869825651 0.21927006611176814
0.6882478693006662 0.25600061103470706
0.6880036467748052 0.46235798584736176
0.6012906659674356 0.4748510913818772
0.16468502805567375 0.36969520999457617
0.4363102380665368 0.1922099499001636
8
3 11
3 6
4 18
5 19
6 11
10 14
12 15
16 17
