10
0.5283852440376013 0.06639797585998297
0.41418456754614186 0.041029660389317324
0.0746001368078062 0.847620827414768
0.6236268953539982 0.9092754540231373
0.613784762272488 0.7837444479916083
0.6104166657804092 0.7852368707999716
0.1840055848434482 0.006072638782441353
0.6517037056277611 0.9464514299187095
0.41289768055470033 0.3922518687849115
0.7342829085199835 0.4621295224033707
43
0 2
0 7
0 3
0 4
0 5
0 8
0 1
0 6
0 9
1 3
1 6
1 2
1 5
1 4
1 9
1 8
1 7
2 8
2 5
2 9
2 6
2 3
2 7
2 4
3 7
3 9
3 5
3 8
3 4
4 7
4 8
4 9
4 5
4 6
5 9
5 6
5 8
5 7
6 9
6 8
7 8
7 9
8 9
