16
0.4871405659768381 0.35175321327067
0.828413633827315 0.8095176753717901
0.39528514178124674 0.80590422343975
0.5666901791096128 0.8103270869104789
0.7528417188204154 0.9392649854870656
0.09664396274069809 0.9465673578909567
0.921946388643779 0.20475947898001368
0.9583588964616996 0.880571536656363
0.09010619913014462 0.2870453366205117
0.13123763348703366 0.19422247367401246
0.6211521022044939 0.017456013450452668
0.10613748338822171 0.9137903618672986
0.2011804275655672 0.16444045687421738
0.2529527649070129 0.481392711235631
0.4556696693025314 0.2914614907030654
0.738596885643651 0.5902951341790622
34
0 14
0 10
0 15
0 12
0 13
0 9
1 3
1 15
1 4
1 7
2 5
2 13
2 3
2 11
2 4
3 15
3 7
3 4
4 7
4 15
5 11
6 10
7 15
8 13
8 9
8 14
8 12
9 14
9 13
9 12
10 14
12 13
12 14
13 14
