18
0.45369771828590244 0.7719565405536164
0.8164459388500024 0.04723255141229987
0.26396826491330017 0.6660458308054786
0.7148970629658273 0.5556411274781233
0.5251063535683402 0.7766704720723656
0.6204199370336626 0.6928679703051936
0.49548766363406793 0.6732651415563248
0.39426059470942054 0.30123960086845325
0.007950580834948928 0.03895141206373076
0.6100398440713787 0.6666647967308281
0.8592691656782405 0.5681182148198857
0.8314885163489296 0.36725247204344236
0.10621642154530708 0.8983557784078293
0.696231232330209 0.6904603507204063
0.735887524400476 0.92376005347273
0.09127022389766948 0.18753852554941985
0.4793671950406141 0.5080910717712919
0.757594707545379 0.6510195061438016
131
0 7
0 10
0 17
0 4
0 14
0 11
0 5
0 2
0 15
0 12
0 6
0 9
0 16
0 3
0 13
1 17
1 6
1 11
1 15
1 16
1 5
1 10
1 3
1 4
1 9
1 7
1 13
2 5
2 6
2 17
2 11
2 12
2 7
2 8
2 13
2 3
2 14
2 4
2 9
2 16
2 10
2 15
3 7
3 12
3 11
3 17
3 6
3 5
3 15
3 10
3 16
3 9
3 4
3 14
3 13
4 10
4 5
4 16
4 15
4 12
4 11
4 6
4 17
4 13
4 7
4 9
4 14
5 11
5 14
5 17
5 10
5 7
5 13
5 16
5 9
5 6
5 12
5 15
6 9
6 7
6 10
6 13
6 16
6 14
6 11
6 17
6 15
6 12
7 12
7 8
7 15
7 17
7 11
7 14
7 13
7 16
7 10
7 9
8 15
8 16
9 14
9 16
9 13
9 11
9 12
9 15
9 17
9 10
10 17
10 13
10 14
10 16
10 11
11 15
11 16
11 14
11 13
11 17
12 17
12 13
12 14
12 16
12 15
13 17
13 16
13 15
13 14
14 17
14 16
15 16
16 17
