20
0.6595883972903613 0.7726799563660057
0.7946158133679154 0.9094900848033651
0.8006722829455268 0.7057722567073433
0.4433827032919244 0.26184706153406545
0.7760206710610197 0.37620217219699126
0.3988581745010058 0.43713785963502516
0.6114584836521156 0.36608458009651623
0.038213747750395544 0.41070551862504134
0.3507363390486522 0.9218845705404668
0.01712970704340855 0.03125003031382456
0.9119723246147348 0.8691889614725058
0.03207662878262407 0.3086092911224001
0.6156289353435562 0.49423738798548134
0.9798767847875929 0.4844833761275449
0.6245563774371209 0.4188429428019914
0.48082172642421894 0.4100779133157446
0.2912923250869721 0.2535774729725354
0.9984741556343437 0.025916306821908486
0.3288617600549437 0.7688121730623674
0.4624656042707246 0.5637416697373208
23
0 1
0 2
1 10
2 10
3 15
3 6
3 16
3 5
4 12
4 14
4 6
5 19
5 15
6 14
6 15
6 12
7 11
8 18
12 14
12 15
12 19
14 15
15 19
