12
0.7016242543592122 0.9561151008459339
0.08075140413002846 0.058743848133043675
0.44197061996628983 0.9738807895777988
0.19036514395487425 0.21979155911081727
0.17626589038764917 0.2692767630818953
0.7672791621815231 0.949041596296881
0.8181862491383567 0.7178617936873967
0.6268694326457013 0.06822243971392505
0.6010620432531278 0.14973363827638486
0.7492115153929048 0.7818036161851543
0.46527766575608476 0.18412550498939562
0.28181913122613245 0.7784624175120957
48
0 2
0 11
0 5
0 6
0 9
1 3
1 11
1 10
1 4
1 8
1 7
2 5
2 9
2 6
2 10
2 3
2 11
2 4
3 11
3 7
3 10
3 9
3 8
3 4
4 7
4 8
4 9
4 10
4 11
4 6
5 9
5 6
5 11
6 9
6 7
6 10
6 11
6 8
7 11
7 10
7 9
7 8
8 9
8 10
8 11
9 11
9 10
10 11
