12
0.9114282651461125 0.3844224860113017
0.9679461417048694 0.7752939147957455
0.8098798129066084 0.522199883370532
0.6601525271874228 0.36547899539930506
0.23560396126548866 0.18523677221499446
0.3318498165352911 0.22230538921159182
0.8404572332233218 0.34575537031290093
0.8942659893134984 0.047725865448579374
0.10543901595812277 0.4918297189184718
0.7899494507343936 0.34223163394824563
0.9080497016215745 0.4992475735379417
0.04920304383078222 0.5371439696189236
55
0 2
0 7
0 10
0 3
0 4
0 5
0 1
0 6
0 9
1 3
1 6
1 2
1 10
1 9
1 7
2 8
2 5
2 9
2 6
2 10
2 3
2 7
2 11
2 4
3 11
3 7
3 10
3 6
3 9
3 5
3 8
3 4
4 7
4 8
4 9
4 10
4 5
4 11
4 6
5 9
5 6
5 8
5 11
5 10
5 7
6 9
6 7
6 10
6 8
7 10
7 9
8 9
8 11
9 11
9 10
