16
0.18734783133279365 0.3467580688523195
0.48384673261564337 0.6535518289374856
0.1383085780691624 0.8748355886757463
0.044093778363066494 0.5146991895316558
0.5577642902623776 0.8753321738259795
0.743918795591786 0.59536756919126
0.36324012015593876 0.09324502276207802
0.11248339317098743 0.018490590213157576
0.9140414130504851 0.2794986419131925
0.5665610340362077 0.19042959893758016
0.4199534343387048 0.6777950547718739
0.03944549982690926 0.11503901984103937
0.1434401054249549 0.8483351523688621
0.7281734425647111 0.3342609709879093
0.1867663823657294 0.01620623591376469
0.020526734454017537 0.026779385502856412
96
0 7
0 10
0 4
0 1
0 14
0 11
0 5
0 8
0 2
0 15
0 12
0 6
0 9
0 3
0 13
1 6
1 11
1 12
1 15
1 5
1 10
1 3
1 14
1 4
1 9
1 7
1 2
1 13
1 8
2 5
2 11
2 12
2 3
2 4
2 10
3 7
3 12
3 11
3 6
3 5
3 15
3 10
3 9
3 4
3 14
3 13
4 10
4 5
4 12
4 8
4 13
4 9
5 8
5 10
5 13
5 9
5 6
5 12
6 9
6 7
6 10
6 13
6 14
6 11
6 15
6 8
6 12
7 15
7 11
7 14
7 13
7 10
7 9
8 9
8 13
8 10
8 14
9 14
9 13
9 11
9 12
9 15
9 10
10 13
10 14
10 15
10 11
10 12
11 15
11 14
11 13
11 12
12 13
13 15
13 14
14 15
