18
0.6732260004995034 0.368698799830424
0.13214467483640324 0.09373947908069968
0.4899571320674492 0.34985683621032515
0.4782647823121289 0.011706238617844145
0.5696414403365893 0.25122506269073985
0.3372281293960022 0.31065257854303174
0.45187551748806987 0.08551385481857898
0.15578249393889088 0.31609788460194366
0.33090014788747757 0.09888121061942168
0.8389135633010317 0.6974240564527517
0.761899472426561 0.9360277753820576
0.416810444304031 0.15317173852428423
0.2811720880131581 0.019977019776622917
0.10010808946734451 0.6800966710701506
0.3492943756205388 0.0439257641285995
0.9810349489065835 0.36423141742069465
0.4986429328839813 0.8993274718037377
0.5876064534507167 0.7546661858283825
67
0 2
0 15
0 17
0 11
0 4
0 5
0 6
0 9
1 3
1 6
1 11
1 14
1 5
1 12
1 8
1 7
2 8
2 12
2 5
2 6
2 3
2 14
2 7
2 11
2 4
3 11
3 14
3 6
3 5
3 12
3 8
3 4
4 8
4 12
4 5
4 14
4 11
4 6
5 6
5 8
5 12
5 11
5 7
5 14
6 14
6 7
6 11
6 12
6 8
7 12
7 11
7 14
7 8
7 13
8 14
8 11
8 12
9 15
9 17
9 10
9 16
10 17
10 16
11 14
11 12
12 14
16 17
