20
0.12167047588360225 0.9598688020942112
0.9861175032119951 0.8220964538551606
0.9311733749411476 0.1600313219799141
0.11746881224106165 0.006714548843556045
0.2879238779031852 0.5880479809993765
0.4456634332854029 0.31292681270651046
0.8239884573929328 0.9429154132193205
0.7341462767821882 0.9910103403885404
0.11278656381133345 0.043440753836466506
0.7211931360904132 0.9613130047890389
0.7288007005538703 0.3170751087532472
0.43366816495082927 0.013460047961171506
0.5617519579105 0.9614601305849417
0.44738946481932473 0.08449960046056781
0.02677228531638909 0.196546450426216
0.030738102368177977 0.591031951190647
0.6910903768579186 0.5728300426643309
0.5616859696218542 0.0574726650453391
0.4144869855280484 0.5980892537152749
0.3250014036935801 0.43295594552908345
27
1 6
1 9
2 10
3 14
3 8
4 18
4 19
4 15
5 13
5 19
5 18
5 11
5 17
5 10
6 9
6 7
6 12
7 12
7 9
8 14
9 12
10 16
11 13
11 17
13 17
16 18
18 19
