14
0.7240340965869781 0.13476925361881742
0.8012466905450765 0.2124472210693027
0.760888800541162 0.7570675459119485
0.9789429988251711 0.11497919751441521
0.057884233675508434 0.8373249679393285
0.21837283527910345 0.49845462507389693
0.7652085566904037 0.2301949718632016
0.9405253621224556 0.7998951114911829
0.43410095836298757 0.08498956970174443
0.03334835002940184 0.3371944256714643
0.6135812625414967 0.575834079808148
0.8680567988314539 0.724850157213986
0.32186027559191077 0.8933016241150104
0.6964211352704399 0.4347366922811816
74
0 7
0 10
0 3
0 11
0 5
0 8
0 1
0 13
0 6
0 9
0 2
1 3
1 6
1 11
1 2
1 5
1 10
1 13
1 9
1 8
1 7
2 8
2 12
2 5
2 4
2 13
2 6
2 10
2 3
2 7
2 11
3 11
3 7
3 10
3 6
3 13
3 8
4 12
4 9
4 13
4 10
4 5
5 9
5 6
5 13
5 8
5 12
5 11
5 10
5 7
6 9
6 7
6 10
6 11
6 12
6 8
6 13
7 12
7 11
7 10
7 13
8 13
8 9
8 10
8 11
9 10
9 13
9 12
10 11
10 12
10 13
11 13
11 12
12 13
