18
0.5482341078115431 0.5473491538126463
0.6696378417619583 0.7990550463202002
0.5959326447311118 0.9947791661443757
0.41268967852144656 0.5812799504297238
0.6514396681611666 0.8869762807493241
0.5279467542727304 0.295916257943066
0.397458158783056 0.2662872482162846
0.5728767854456227 0.9787097401610287
0.9902781152025693 0.33630553076545433
0.38272225775370117 0.08377883393377894
0.9171360162996129 0.8882837784700178
0.08528541332530049 0.3070837511472
0.6229403963393205 0.0895320131081726
0.6503487805444781 0.9278111761302666
0.2268319116185621 0.19409609506325476
0.3050169434311919 0.7197149228500012
0.6835922642229618 0.9066391872355403
0.6142101069818748 0.2924219423314406
128
0 7
0 10
0 17
0 4
0 1
0 14
0 11
0 5
0 8
0 2
0 15
0 12
0 6
0 9
0 16
0 3
0 13
1 17
1 6
1 11
1 12
1 15
1 16
1 5
1 10
1 3
1 14
1 4
1 9
1 7
1 2
1 13
1 8
2 5
2 6
2 17
2 7
2 8
2 13
2 3
2 4
2 16
2 10
2 15
3 7
3 12
3 11
3 17
3 6
3 5
3 15
3 10
3 16
3 9
3 4
3 14
3 13
3 8
4 10
4 5
4 16
4 15
4 12
4 6
4 17
4 8
4 13
4 7
5 8
5 11
5 14
5 17
5 10
5 7
5 13
5 16
5 9
5 6
5 12
5 15
6 9
6 7
6 13
6 16
6 14
6 11
6 17
6 15
6 8
6 12
7 8
7 15
7 17
7 13
7 16
7 10
8 15
8 12
8 9
8 13
8 10
8 16
8 14
8 17
9 14
9 11
9 12
9 15
9 17
10 17
10 13
10 15
10 16
11 15
11 14
11 12
11 17
12 17
12 14
12 15
13 17
13 16
13 15
14 17
14 15
15 16
15 17
16 17
