10
0.46454762747226575 0.9381892325734456
0.40792716400711326 0.37914611976490586
0.913819336830519 0.05933339553090222
0.1734423403634866 0.5539427848180155
0.5199736913546522 0.2924346716835151
0.910628439129499 0.46169583067698117
0.14157665297864885 0.5432947164099076
0.74496184096356 0.38473092753168703
0.8667611666333535 0.31794810551616326
0.9707388610341756 0.64746887169633
30
0 3
0 1
0 6
0 9
1 3
1 6
1 2
1 5
1 4
1 8
1 7
2 8
2 5
2 9
2 7
2 4
3 7
3 6
3 4
4 7
4 8
4 9
4 5
4 6
5 9
5 8
5 7
7 9
7 8
8 9
