16
0.5423911049414539 0.8851432939446731
0.9436586977618512 0.7072708938247274
0.7495261683344929 0.7349997623156486
0.19633826152088274 0.5328169687860268
0.07004714767001119 0.9865684102276244
0.2513656295329719 0.3329242678367419
0.2724175491020868 0.8550548945759027
0.5998380028546291 0.9901454322064881
0.6105493971060691 0.16995772061339132
0.7503172439258764 0.08475145019688368
0.28494679245499355 0.4382373138706275
0.26756192968180914 0.3345110265593578
0.3075364629959553 0.7204903538545686
0.08177454265346529 0.7135912332935099
0.4672907148422929 0.8278391789720441
0.5903804456832847 0.6100166497599707
42
0 14
0 7
0 15
0 12
0 6
0 2
1 15
1 2
2 14
2 7
2 15
3 11
3 10
3 6
3 13
3 5
3 12
4 12
4 13
4 6
5 8
5 12
5 11
5 10
6 14
6 7
6 12
6 13
7 12
7 15
7 14
8 9
8 11
10 11
10 15
10 12
10 13
11 12
12 13
12 14
12 15
14 15
