20
0.5725652426652027 0.6930183339636553
0.402501877607778 0.2289602443802905
0.36824544878767673 0.6987082304482604
0.298105682665871 0.037082946108540016
0.6400837900815608 0.8269664438541252
0.5436447003663794 0.9544939599560527
0.0035193783038185433 0.7451776863283118
0.1910029391342224 0.10243996577650205
0.9940576990875266 0.8521027426146027
0.5026741972659536 0.8951218236722966
0.5833672398876157 0.5468865490234903
0.16861500814824149 0.9986165923258089
0.4773319992624929 0.2805301857964858
0.5072872004858491 0.6213763952911059
0.8402960762686289 0.12378624619700274
0.28456698104480505 0.8942683556827465
0.7433174610867753 0.9305804480612606
0.9042808439318998 0.14407371568392968
0.4020356125360349 0.14744299135360328
0.14681611628355695 0.975907958608663
151
0 7
0 10
0 17
0 4
0 1
0 14
0 11
0 18
0 5
0 8
0 2
0 15
0 12
0 19
0 6
0 9
0 16
0 3
0 13
1 17
1 6
1 12
1 15
1 16
1 5
1 10
1 19
1 3
1 14
1 4
1 9
1 18
1 7
1 2
1 13
2 5
2 6
2 17
2 11
2 18
2 12
2 7
2 8
2 19
2 13
2 3
2 14
2 4
2 9
2 16
2 10
2 15
3 7
3 12
3 18
3 17
3 6
3 10
3 14
3 13
4 19
4 10
4 5
4 16
4 15
4 12
4 11
4 6
4 17
4 8
4 13
4 18
4 9
4 14
5 8
5 11
5 10
5 13
5 16
5 9
5 6
5 19
5 12
5 15
6 9
6 7
6 10
6 13
6 16
6 11
6 15
6 18
6 12
6 19
7 12
7 15
7 18
7 17
7 14
7 13
7 10
8 15
8 12
8 9
8 13
8 10
8 16
8 14
8 17
9 16
9 19
9 13
9 18
9 11
9 12
9 15
9 10
10 17
10 18
10 13
10 14
10 19
10 15
10 16
10 11
10 12
11 15
11 16
11 19
11 13
11 12
12 17
12 13
12 18
12 14
12 19
12 16
12 15
13 17
13 16
13 19
13 15
13 18
13 14
14 17
14 18
15 16
15 19
15 18
16 19
17 18
