14
0.5176523083270257 0.8944646885177313
0.9978195365422139 0.16735180251433635
0.4472860817902403 0.3390121500283475
0.9875030016915858 0.9898706060528556
0.09765641338045838 0.379798245185506
0.6372221429348395 0.7100629498780678
0.41245286179573526 0.4115072057312523
0.6020882826480397 0.951048779088227
0.7870047126019614 0.38830094345875765
0.5792126950907883 0.4739068256956478
0.15807154016424185 0.21209568080681152
0.3782974887988718 0.2736458644253925
0.6319170664274123 0.5824689771271342
0.9747428044911461 0.24374500979692437
72
0 2
0 7
0 3
0 11
0 4
0 12
0 5
0 8
0 6
0 9
1 6
1 11
1 2
1 5
1 13
1 9
1 12
1 8
2 8
2 12
2 5
2 9
2 13
2 6
2 10
2 7
2 11
2 4
3 7
3 9
3 5
3 12
3 8
4 8
4 12
4 9
4 10
4 5
4 11
4 6
5 9
5 6
5 13
5 8
5 12
5 11
5 10
5 7
6 9
6 7
6 10
6 11
6 12
6 8
6 13
7 12
7 9
7 8
8 13
8 9
8 10
8 11
8 12
9 11
9 10
9 13
9 12
10 11
10 12
11 13
11 12
12 13
