16
0.7159090517091787 0.4660651911356678
0.3850127778501461 0.0776751045186006
0.07733434726649657 0.11369768581351003
0.8541283966217315 0.8374541309214664
0.7960847588074198 0.044443552572351
0.9339461125834726 0.6817065766139314
0.4058039496025231 0.2827234606638871
0.5212878693324101 0.9683749044104003
0.7087624270513854 0.25874015880792023
0.7267693764415112 0.4408889272495159
0.062468716651726486 0.9159631775640752
0.521651380728138 0.4050311052509403
0.2416984220369428 0.14041524754335388
0.08965887295445696 0.15292372526525977
0.13413973761245557 0.38029254829390013
0.40795301558163355 0.2829874498089431
108
0 7
0 10
0 4
0 1
0 14
0 11
0 5
0 8
0 2
0 15
0 12
0 6
0 9
0 3
0 13
1 6
1 11
1 12
1 15
1 5
1 10
1 3
1 14
1 4
1 9
1 2
1 13
1 8
2 6
2 11
2 12
2 8
2 13
2 14
2 4
2 9
2 10
2 15
3 7
3 11
3 6
3 5
3 15
3 10
3 9
3 4
3 14
3 8
4 5
4 15
4 12
4 11
4 6
4 8
4 13
4 9
4 14
5 8
5 11
5 14
5 7
5 9
5 6
5 12
5 15
6 9
6 7
6 10
6 13
6 14
6 11
6 15
6 8
6 12
7 12
7 8
7 15
7 11
7 14
7 10
7 9
8 15
8 12
8 9
8 13
8 14
8 11
9 14
9 13
9 11
9 12
9 15
9 10
10 13
10 14
10 15
10 11
10 12
11 15
11 14
11 13
11 12
12 13
12 14
12 15
13 15
13 14
14 15
