12
0.27013792711703044 0.9594839939254386
0.528838346591928 0.7086221269746815
0.32613552019803915 0.31967098102470837
0.009697091369805344 0.4618626461261045
0.3719032784186185 0.6746874271045841
0.4181176984667351 0.9034432221680382
0.8755106165699634 0.9762078708530244
0.055818768690445664 0.9443598065717802
0.5420916733158905 0.4035555957307043
0.9727468155523551 0.7282245535509196
0.55275772592335 0.9244700203577594
0.7963035220617987 0.6518101279085263
12
0 7
0 5
0 10
1 4
1 5
1 10
1 11
2 8
4 5
5 10
6 9
9 11
