12
0.30652688193064215 0.93585579924509
0.3176958178164726 0.7261166285355709
0.6818069479411388 0.996704699575556
0.3489691830355116 0.6631637298100345
0.2715598491968664 0.2698076988939433
0.26450639930596775 0.6800418870989923
0.23968481741020298 0.41067359430518113
0.5590484019530368 0.9551917145371533
0.7685743613052615 0.4398606751066765
0.49845200002909207 0.9378721171161635
0.21456030789194658 0.8932264092963976
0.5330161465200648 0.090541870043085
20
0 1
0 7
0 5
0 10
0 9
0 3
1 3
1 10
1 5
1 9
2 7
2 9
3 10
3 6
3 5
4 6
5 10
5 6
7 9
9 10
