14
0.5671113456994628 0.41058048806321157
0.525923856606469 0.6782147649938604
0.7383272459626686 0.5865751301592707
0.5777388774346454 0.9348944659385942
0.5531019400918388 0.7001821773504211
0.6278421763513795 0.11669707446615063
0.16356156523784282 0.011783111509414357
0.009300799872625665 0.6029582637202405
0.7159154227199461 0.12045776381079487
0.40346464776914237 0.7775375280966305
0.49424079765381457 0.3561138811515897
0.7205084262253625 0.14226741923110864
0.6827670532738485 0.6700575987199349
0.4059047858981263 0.32131666042424645
76
0 7
0 10
0 3
0 11
0 4
0 12
0 5
0 8
0 1
0 13
0 6
0 9
0 2
1 3
1 11
1 2
1 5
1 10
1 13
1 4
1 9
1 12
1 8
1 7
2 8
2 12
2 5
2 4
2 9
2 13
2 10
2 3
2 11
3 7
3 10
3 13
3 9
3 12
3 4
4 7
4 8
4 12
4 9
4 13
4 10
4 5
4 11
5 9
5 6
5 13
5 8
5 12
5 11
5 10
6 7
6 10
6 11
6 8
6 13
7 12
7 10
7 9
7 13
8 13
8 10
8 11
8 12
9 10
9 13
9 12
10 11
10 12
10 13
11 13
11 12
12 13
