16
0.35126019798132213 0.9728058624302182
0.7866739876866282 0.3562830574293633
0.4550823857711376 0.4468983249375733
0.4464484317838431 0.20081716114781212
0.7840656110158732 0.5838809451400284
0.23506824026431772 0.45996477168010874
0.4670386910119345 0.17055803099600608
0.719008465866498 0.4282000434782265
0.4021142506094736 0.35241204962875095
0.5835756587899743 0.2846818633062683
0.15287393546697758 0.3678021931935008
0.5643482962553843 0.6274230692406589
0.5732392404458453 0.8610632088195246
0.6493988412289882 0.361739613576611
0.8567596806560439 0.3059601393041488
0.9587117272128797 0.19550694942996039
18
1 13
1 14
1 7
2 8
3 8
3 9
3 6
4 7
5 10
5 8
6 9
6 8
7 14
7 13
7 9
8 9
9 13
14 15
