14
0.0040909760098171155 0.4272803191658462
0.8379494687413078 0.21335597843172605
0.3414434911630577 0.8746678315136092
0.8307579233264306 0.6261322848984318
0.17556378804568218 0.8539509498425948
0.7828904011434905 0.1067633122866708
0.20265221115117948 0.34792799792649354
0.8114567164917744 0.8742992322320234
0.8080115085971725 0.741183719560877
0.4607867397911257 0.24487154801875544
0.5134599166428214 0.14821071272820618
0.6665214292352503 0.737067572190255
0.07655638780125584 0.5290120298252033
0.4698349069207116 0.06871444362717072
32
0 4
0 12
0 6
0 9
1 3
1 5
1 10
1 13
1 9
2 8
2 12
2 7
2 11
2 4
3 11
3 7
3 8
4 12
5 9
5 13
5 10
6 9
6 10
6 12
6 13
7 11
7 8
8 11
9 10
9 13
9 12
10 13
