18
0.5546402054823785 0.44550584978896024
0.7567558834577034 0.6560841643007832
0.16926719503177545 0.25716399793440115
0.4561167232825454 0.6210989098555837
0.5665539348469544 0.4433593891476918
0.9597978309132001 0.8076544915692603
0.4264430917415518 0.0685248854330962
0.8086669863334189 0.08998898282665646
0.6422086480596124 0.011441810192171498
0.20840666856503065 0.977704779156669
0.5357801075762593 0.2313432958580457
0.8031395471102448 0.8038118934681526
0.6688921250328825 0.08881947359305264
0.9084754266551328 0.6959037067366582
0.1995921817353341 0.28902178287256597
0.7286108744105421 0.5436104352013676
0.7439806316809313 0.0997289308609891
0.34718464506715074 0.5684507616559913
35
0 10
0 3
0 15
0 17
0 4
0 1
1 15
1 11
1 5
1 13
1 4
2 14
3 15
3 17
3 4
4 10
4 15
4 17
5 13
5 11
6 10
6 12
6 8
7 12
7 16
7 8
8 10
8 16
8 12
10 12
10 16
11 13
11 15
12 16
13 15
