10
0.08896402522827729 0.8897385752413943
0.07825681447667476 0.036072339964130395
0.3318987016494298 0.4053129173271348
0.7854288126646974 0.5658136285846319
0.9202661290630529 0.7009424333463002
0.07407545633828994 0.3234972307238628
0.8432366923010599 0.02135104676559685
0.2935663087943121 0.15661851002409077
0.25374437548159623 0.9970097894458632
0.3136767861649977 0.4843862838177968
34
0 2
0 7
0 3
0 5
0 8
0 9
1 6
1 2
1 5
1 9
1 7
2 8
2 5
2 9
2 6
2 3
2 7
2 4
3 7
3 6
3 9
3 5
3 8
3 4
4 8
4 9
4 6
5 9
5 8
5 7
6 9
6 7
7 9
8 9
