12
0.7935789174379688 0.2757604746378085
0.3857077740739112 0.5073192335517153
0.7706471579831439 0.10207321902392119
0.3302164698546486 0.31134572685032647
0.1294635008413122 0.9132491466672539
0.45789176207448445 0.3896895681041993
0.050920620789324134 0.6361668221972093
0.932733472185903 0.4342159690608959
0.6827878184441991 0.634911295185214
0.6387365269441777 0.2985088560112866
0.8444369762065813 0.6035687805048626
0.9706927606904058 0.015363870263418011
39
0 7
0 10
0 3
0 11
0 5
0 8
0 1
0 9
0 2
1 3
1 6
1 5
1 10
1 4
1 9
1 8
2 5
2 9
2 3
2 7
2 11
3 6
3 9
3 5
3 8
4 6
5 9
5 6
5 8
5 10
5 7
7 11
7 10
7 9
7 8
8 9
8 10
9 11
9 10
