12
0.18919796631549823 0.11094120568192012
0.9609681610922315 0.32663867693327364
0.4578089692956131 0.7997437055076889
0.9152782404528882 0.4865255090806666
0.49936742239141096 0.44785459326110943
0.5997035658582415 0.5024855712377462
0.578954350626216 0.9969086809291486
0.17808819872736759 0.9020123106130074
0.6188078508006049 0.7153896494161607
0.6663423841356899 0.843912315312565
0.8361199676309694 0.610703793274505
0.04741772203865402 0.9479907985458864
49
0 4
0 5
1 3
1 2
1 5
1 10
1 4
1 9
1 8
2 8
2 5
2 9
2 6
2 10
2 3
2 7
2 11
2 4
3 10
3 6
3 9
3 5
3 8
3 4
4 7
4 8
4 9
4 10
4 5
4 11
4 6
5 9
5 6
5 8
5 10
5 7
6 9
6 7
6 10
6 11
6 8
7 11
7 8
7 9
8 9
8 10
8 11
9 11
9 10
