16
0.9545879180706469 0.7838439572428003
0.7663679461218132 0.7451229448667231
0.4168977759517589 0.5396918206026282
0.7162784977653951 0.5681428557909431
0.039673619453449493 0.0997823824069608
0.7184152077349286 0.2461669563942569
0.8692010595562966 0.3002033842100652
0.5461819273708204 0.35619982161923114
0.1102031074055585 0.7755583773790701
0.6024663339845807 0.4182092782948309
0.08433804995916039 0.21769431660921013
0.3616634550058162 0.8846840105120467
0.5702476101318577 0.08946202503030987
0.7408116659221629 0.3148954085867375
0.4129008972457212 0.6970981582603137
0.38028534475850173 0.3637527918461846
108
0 7
0 1
0 14
0 11
0 5
0 2
0 15
0 12
0 6
0 9
0 3
0 13
1 6
1 11
1 12
1 15
1 5
1 3
1 14
1 9
1 7
1 2
1 13
1 8
2 5
2 6
2 11
2 12
2 7
2 8
2 13
2 3
2 14
2 4
2 9
2 10
2 15
3 7
3 12
3 11
3 6
3 5
3 15
3 10
3 9
3 14
3 13
3 8
4 10
4 5
4 15
4 12
4 8
4 13
4 7
4 9
4 14
5 11
5 14
5 10
5 7
5 13
5 9
5 6
5 12
5 15
6 9
6 7
6 10
6 13
6 14
6 11
6 15
6 12
7 12
7 8
7 15
7 11
7 14
7 13
7 10
7 9
8 15
8 9
8 13
8 10
8 14
8 11
9 14
9 13
9 11
9 12
9 15
9 10
10 13
10 14
10 15
10 11
10 12
11 15
11 14
11 13
12 13
12 14
12 15
13 15
13 14
14 15
