10
0.47784443670695564 0.7891211007790402
0.5466179768723536 0.753149818258483
0.6752451623192502 0.438054272255354
0.14235356845021252 0.6782268803295995
0.9631101974054762 0.1226048647297504
0.5324241922515693 0.43252843103071936
0.27694898689900926 0.17911054648877245
0.5527350329159741 0.5190815591101513
0.01564951299446471 0.785638316136965
0.736844568197352 0.3648744572445166
33
0 2
0 7
0 3
0 5
0 8
0 1
0 9
1 3
1 2
1 5
1 9
1 8
1 7
2 5
2 9
2 6
2 3
2 7
2 4
3 7
3 6
3 5
3 8
4 7
4 9
4 5
5 9
5 6
5 7
6 9
6 7
7 9
7 8
