18
0.8930199538135073 0.2782196786832166
0.9817346900447957 0.7675242425470264
0.10791246224635442 0.7579627723619284
0.2576950132158272 0.6102229289702148
0.0721043843153284 0.551057673703303
0.311044173775578 0.7533605783159195
0.8075687091736725 0.08587482152994208
0.10032220735378305 0.013909900904202521
0.9398805166669169 0.7698024073821277
0.994842366646427 0.528478312913879
0.1276745524486954 0.7586772722296161
0.5127854655566207 0.532395411502845
0.7416912473150082 0.4657988396828229
0.40790601543994176 0.6997799452680891
0.22398663925910922 0.8909993115326227
0.15179065261157887 0.5278210122326301
0.18335645429276748 0.5978091629064585
0.1556192859195631 0.4843954542321576
86
0 1
0 11
0 8
0 12
0 6
0 9
1 11
1 12
1 9
1 13
1 8
2 5
2 17
2 11
2 13
2 3
2 14
2 4
2 16
2 10
2 15
3 12
3 11
3 17
3 5
3 15
3 10
3 16
3 4
3 14
3 13
4 10
4 5
4 16
4 15
4 11
4 17
4 13
4 7
4 14
5 11
5 14
5 17
5 10
5 13
5 16
5 12
5 15
6 9
6 11
6 12
7 15
7 17
7 16
8 12
8 9
8 13
8 11
9 11
9 12
10 17
10 13
10 14
10 15
10 16
10 11
11 15
11 16
11 14
11 13
11 12
11 17
12 17
12 13
12 16
12 15
13 17
13 16
13 15
13 14
14 17
14 15
14 16
15 16
15 17
16 17
