12
0.3500463368459197 0.4140798218571268
0.6067435914975728 0.1919715347204679
0.48490759477530543 0.5266779890240262
0.11552766049397245 0.09299454560781117
0.6905791959307056 0.4532954568652322
0.5367813081787645 0.16906321578308003
0.48781924454077386 0.4510295526889254
0.2958592544947741 0.5908815346334083
0.8737469416395779 0.6818027199234894
0.16254408203741477 0.5578844864124822
0.4521707437141913 0.6931826161417963
0.5886893448032849 0.747046856147933
36
0 2
0 7
0 10
0 3
0 4
0 5
0 1
0 6
0 9
1 6
1 2
1 5
1 4
2 5
2 9
2 6
2 10
2 7
2 11
2 4
4 8
4 10
4 5
4 11
4 6
5 6
6 9
6 7
6 10
6 11
7 11
7 10
7 9
8 11
9 10
10 11
