10
0.5428058166612539 0.5856632917653973
0.7458813303618526 0.6107960415841786
0.659938456503125 0.07613696369173983
0.5394124152233163 0.9307178089246018
0.012497185189282112 0.6223984806992565
0.3668219022103707 0.4984909814845375
0.7474478369159381 0.06024585665873472
0.6155162425276929 0.2606278462403119
0.5526158344505115 0.914011421273331
0.7106095652924495 0.46516961328030093
39
0 7
0 3
0 4
0 5
0 8
0 1
0 6
0 9
0 2
1 3
1 6
1 2
1 5
1 4
1 9
1 8
1 7
2 5
2 9
2 6
2 7
3 7
3 9
3 5
3 8
3 4
4 7
4 8
4 9
4 5
5 9
5 6
5 8
5 7
6 9
6 7
7 8
7 9
8 9
