16
0.21702929936231874 0.921130096533415
0.9855267088007528 0.20914053339022798
0.8189018201238782 0.5193464804739457
0.1761459886589224 0.45558428198196643
0.9650690885432226 0.4638301417672521
0.31119646548337176 0.8158959365018306
0.8455953261988906 0.8908936915191775
0.23030046409997496 0.5764993222986706
0.6072744673717461 0.512823057482319
0.7548225268112158 0.7179857188483593
0.6336738386621372 0.5784944879980001
0.9662534297384193 0.45450339773033144
0.31152359936908824 0.0631961837272722
0.9904539570351424 0.993708153103913
0.3764558177003141 0.31760697346527844
0.7133642420520203 0.9636977745874893
11
0 5
2 11
2 10
2 4
3 7
4 11
6 9
6 13
6 15
8 10
9 10
