18
0.034378937111362196 0.36484781664647437
0.7258064697327858 0.9974131031920844
0.6749773883737085 0.9467591213495253
0.8991292780987857 0.048829475340963935
0.4243739594484939 0.11034168691528312
0.5705619788364538 0.4677548678819715
0.631410508213313 0.06842299427614029
0.550321646859525 0.35125204074457894
0.07130181203112851 0.13200874504926596
0.8501370187818472 0.18230992363731036
0.921975781292135 0.11506317371204244
0.8844527359201532 0.11846956346306348
0.7038636114213177 0.11578244695670914
0.5596938851839504 0.49390865768782555
0.5673028506175732 0.2778720485006777
0.5693823811429803 0.1111551470576786
0.4738841436852068 0.3887633447721788
0.9207953719232449 0.6024554336229245
141
0 7
0 4
0 14
0 11
0 5
0 8
0 2
0 15
0 12
0 6
0 9
0 16
0 13
1 17
1 11
1 12
1 15
1 16
1 5
1 14
1 9
1 7
1 2
1 13
2 5
2 6
2 17
2 11
2 12
2 7
2 13
2 14
2 4
2 9
2 16
2 10
2 15
3 7
3 12
3 11
3 17
3 6
3 5
3 15
3 10
3 16
3 9
3 4
3 14
3 13
3 8
4 10
4 5
4 16
4 15
4 12
4 11
4 6
4 17
4 8
4 13
4 7
4 9
4 14
5 8
5 11
5 14
5 17
5 10
5 7
5 13
5 16
5 9
5 6
5 12
5 15
6 9
6 7
6 10
6 13
6 16
6 14
6 11
6 17
6 15
6 8
6 12
7 12
7 8
7 15
7 17
7 11
7 14
7 13
7 16
7 10
7 9
8 15
8 12
8 9
8 13
8 10
8 16
8 14
8 11
9 14
9 16
9 13
9 11
9 12
9 15
9 17
9 10
10 17
10 13
10 14
10 15
10 16
10 11
10 12
11 15
11 16
11 14
11 13
11 12
11 17
12 17
12 13
12 14
12 16
12 15
13 17
13 16
13 15
13 14
14 17
14 15
14 16
15 16
15 17
16 17
