20
0.4609125597112371 0.02613231608747313
0.8338331889524585 0.7923659719192472
0.9522244651397532 0.27446307202328346
0.1674980379580041 0.3210299767922956
0.41858878685919987 0.11545601999813337
0.3241215667204287 0.4057207266352393
0.4568317605154151 0.6930180512071427
0.2327964203323566 0.9574231149199776
0.4165790760201572 0.18683253240731434
0.8368168261475315 0.6559213535582238
0.5634751388957594 0.5768750575583812
0.47207330604524367 0.789986486963258
0.09278374582791349 0.5337240909026066
0.7767226747041677 0.6934092315231125
0.44051081907427003 0.6908014866249571
0.42021354898456953 0.47258259366107414
0.879034192629628 0.43209973061078966
0.9727424812910275 0.20020925495383024
0.3830103910868138 0.6111523292775868
0.4300237394120393 0.2662479479198402
160
0 10
0 17
0 4
0 14
0 18
0 5
0 8
0 2
0 15
0 12
0 19
0 6
0 16
0 3
1 17
1 6
1 11
1 15
1 16
1 5
1 10
1 19
1 14
1 9
1 18
1 7
1 2
1 13
2 5
2 6
2 17
2 18
2 8
2 19
2 13
2 14
2 4
2 9
2 16
2 10
2 15
3 7
3 12
3 18
3 11
3 6
3 5
3 15
3 10
3 4
3 14
3 19
3 8
4 19
4 10
4 5
4 16
4 15
4 12
4 11
4 6
4 17
4 8
4 13
4 18
4 9
4 14
5 8
5 18
5 11
5 14
5 17
5 10
5 7
5 13
5 16
5 9
5 6
5 19
5 12
5 15
6 9
6 7
6 10
6 13
6 16
6 14
6 11
6 15
6 18
6 8
6 12
6 19
7 12
7 15
7 18
7 11
7 14
7 13
7 10
7 9
8 15
8 12
8 18
8 9
8 13
8 19
8 10
8 16
8 14
8 11
8 17
9 14
9 16
9 19
9 13
9 18
9 11
9 15
9 17
9 10
10 17
10 18
10 13
10 14
10 19
10 15
10 16
10 11
10 12
11 15
11 16
11 14
11 19
11 13
11 18
11 12
12 18
12 14
12 19
12 15
13 17
13 16
13 19
13 15
13 18
13 14
14 18
14 15
14 19
14 16
15 16
15 19
15 18
15 17
16 19
16 17
16 18
17 19
18 19
