10
0.2893589243938759 0.2326560262129158
0.899168206962048 0.998931597696541
0.1079282138900951 0.8327737163693955
0.10086847403700516 0.32493775010874026
0.6425363398414989 0.9144263692820711
0.01895176313520308 0.17577806723506406
0.7238807671807852 0.2751820573148044
0.2556280490704945 0.5156424545503309
0.31393609188573046 0.8358682617307293
0.3291691328685181 0.16584940724302
42
0 2
0 7
0 3
0 4
0 5
0 8
0 1
0 6
0 9
1 6
1 2
1 4
1 8
1 7
2 8
2 5
2 9
2 6
2 3
2 7
2 4
3 7
3 6
3 9
3 5
3 8
3 4
4 7
4 8
4 9
4 5
4 6
5 9
5 6
5 8
5 7
6 9
6 7
6 8
7 8
7 9
8 9
