18
0.6415234073485239 0.9112674014282569
0.2087469838112741 0.9740538084795219
0.1964658635581218 0.5080678153934799
0.36125817904977686 0.16453222727315964
0.703150104922817 0.51799835162477
0.04294361572000094 0.35689471195258293
0.6253762345407194 0.005484190885147067
0.3352291507736652 0.4019170642698724
0.947912459575157 0.7398781662427885
0.42583153869512835 0.31599888516027097
0.20115226476038783 0.858866285601995
0.7173340310697764 0.4896171935322161
0.7655215795006627 0.7474713949819525
0.7870705651217353 0.6794567537095676
0.3016253030584092 0.3780347379857505
0.8720752691414019 0.033888671869104936
0.8974923801058772 0.7656194714138163
0.14800328074350155 0.8559729587204613
149
0 7
0 10
0 17
0 4
0 1
0 14
0 11
0 5
0 8
0 2
0 15
0 12
0 6
0 9
0 16
0 3
0 13
1 17
1 11
1 12
1 16
1 5
1 10
1 3
1 14
1 4
1 9
1 7
1 2
1 13
1 8
2 5
2 6
2 17
2 11
2 12
2 7
2 8
2 13
2 3
2 14
2 4
2 9
2 16
2 10
2 15
3 7
3 12
3 11
3 17
3 6
3 5
3 15
3 10
3 16
3 9
3 4
3 14
3 13
3 8
4 10
4 5
4 16
4 15
4 12
4 11
4 6
4 17
4 8
4 13
4 7
4 9
4 14
5 8
5 11
5 14
5 17
5 10
5 7
5 13
5 16
5 9
5 6
5 12
5 15
6 9
6 7
6 10
6 13
6 16
6 14
6 11
6 17
6 15
6 8
6 12
7 12
7 8
7 15
7 17
7 11
7 14
7 13
7 16
7 10
7 9
8 15
8 12
8 9
8 13
8 10
8 16
8 14
8 11
8 17
9 14
9 16
9 13
9 11
9 12
9 15
9 17
9 10
10 17
10 13
10 14
10 16
10 11
10 12
11 15
11 16
11 14
11 13
11 12
11 17
12 17
12 13
12 14
12 16
12 15
13 17
13 16
13 15
13 14
14 17
14 15
14 16
15 16
16 17
