12
0.25052967258418835 0.8709190854093289
0.35716754955715735 0.013617278683579093
0.7992681288506631 0.8601511084417914
0.07390061767254885 0.3116271027654164
0.7381878849733641 0.8678788140299156
0.5217584091952926 0.1608314921775399
0.8833021622878546 0.21010846651462867
0.11693032644053791 0.35031674389657463
0.7553350888287761 0.7008311708755344
0.13227065760869783 0.5543491530255947
0.7147407122104394 0.0032947775363423304
0.27681141300887113 0.5834898332641817
12
0 11
1 5
2 8
2 4
3 9
3 7
4 8
5 10
6 10
7 11
7 9
9 11
