10
0.16735524758190945 0.6037406396139755
0.17793015974603066 0.11628683152412378
0.16108985813554266 0.45436926280346457
0.21404068097778284 0.8188446958723372
0.603855124034749 0.22740794801207043
0.6649783164244787 0.029717008167856385
0.36081832955963233 0.34641166388820643
0.05296960522744998 0.043434785520784946
0.6808511638679836 0.784917206034188
0.2799505765510767 0.5843195127840489
43
0 2
0 7
0 3
0 4
0 5
0 8
0 1
0 6
0 9
1 3
1 6
1 2
1 5
1 4
1 9
1 8
1 7
2 8
2 5
2 9
2 6
2 3
2 7
2 4
3 7
3 6
3 9
3 8
3 4
4 7
4 8
4 9
4 5
4 6
5 9
5 6
5 8
5 7
6 9
6 7
6 8
7 9
8 9
