14
0.41032791293942883 0.12784821863332851
0.10912548267980893 0.4436337016581039
0.09285596453986922 0.43019126660010176
0.10211889562759346 0.835233412813537
0.8444745771025777 0.016012697525712105
0.25562904264635633 0.8892526817906246
0.7662481881887738 0.40891727592485794
0.34617117156987454 0.29254705099560485
0.17878193692600863 0.13056046818302092
0.035918680044295215 0.5007937290939227
0.9609085690528663 0.1964170501729532
0.8926452257371532 0.539409234550852
0.3332292860079352 0.9608392156261252
0.9102127365668107 0.1848249550496993
9
0 7
1 2
1 9
2 9
3 5
4 13
5 12
6 11
10 13
