14
0.3487042485512877 0.4887910070378959
0.43704042214777705 0.6212319190646591
0.5186917100739997 0.3270372975964314
0.6581646363694884 0.4891181679337555
0.5220910789523114 0.39120921881266213
0.5896778971211047 0.5920106070909785
0.9309560112024664 0.1830691117576867
0.5586491096829027 0.02806170331901503
0.12898827772132915 0.23377651069578553
0.8581945951582104 0.48078131624290954
0.08594971631301129 0.9290320920263128
0.27304011205417855 0.024383583750974158
0.11716265036929596 0.0013352767896732676
0.3335664740283609 0.10340186313342792
89
0 7
0 10
0 4
0 1
0 11
0 5
0 8
0 2
0 12
0 6
0 9
0 3
0 13
1 6
1 11
1 12
1 5
1 10
1 3
1 4
1 9
1 7
1 2
1 13
1 8
2 5
2 6
2 11
2 12
2 7
2 8
2 13
2 3
2 4
2 9
2 10
3 7
3 12
3 11
3 6
3 5
3 10
3 9
3 4
3 13
3 8
4 10
4 5
4 12
4 11
4 6
4 8
4 13
4 7
4 9
5 8
5 11
5 10
5 7
5 13
5 9
5 6
5 12
6 9
6 7
6 13
6 11
6 8
6 12
7 12
7 8
7 11
7 13
7 9
8 12
8 9
8 13
8 10
8 11
9 13
9 11
9 12
9 10
10 13
10 11
10 12
11 13
11 12
12 13
