20
0.30723891159545513 0.7693944046220224
0.6607755801573417 0.9748908575092474
0.8562458706330882 0.7929716467562665
0.07189367926841406 0.27023499911099924
0.13736491727762778 0.1440924244154419
0.3351367486980137 0.5416228251272294
0.4195153355992587 0.4012035646588479
0.7617901639351773 0.026396057889458868
0.03801561275479115 0.5565358727718618
0.9761824654730956 0.6783281049041294
0.07237341154486354 0.10122435725907009
0.6034365846469271 0.3005192891991396
0.49612725285609216 0.9454544053514371
0.9584286522161662 0.7972655522831631
0.849810308992503 0.5664833675183624
0.8088007832338031 0.1648221798109848
0.3487151018030292 0.007896265564703353
0.1365580102677254 0.8705396539783071
0.44662306885109837 0.1592034398471046
0.1922421815077736 0.5445931514215302
73
0 17
0 12
0 5
0 8
0 1
0 19
0 6
1 2
1 14
1 13
1 9
1 12
2 12
2 9
2 13
2 14
3 10
3 6
3 16
3 19
3 5
3 8
3 18
3 4
4 8
4 18
4 19
4 10
4 5
4 16
4 11
4 6
5 6
5 19
5 8
5 18
5 12
5 11
5 17
6 14
6 10
6 15
6 18
6 11
6 19
6 8
6 16
7 16
7 11
7 15
7 18
8 19
8 10
8 17
9 14
9 13
10 18
10 19
10 16
11 16
11 14
11 19
11 18
11 15
12 13
12 17
13 14
14 15
15 16
15 18
16 18
17 19
18 19
