20
0.911004540015055 0.44407306378966127
0.5363714519932943 0.48278265114076435
0.07840729795557366 0.921329991860024
0.5212628360720784 0.5715082688977885
0.3182050823318333 0.8055246043105221
0.15746258908479271 0.40035528679927945
0.6330060481352177 0.07537079285604664
0.3786343017081484 0.3413541660707665
0.01872354603296922 0.41389303348702344
0.336080802307144 0.20992961324858905
0.9909059004265532 0.7955034699778585
0.4457225989333661 0.4309786015624748
0.7575018942667913 0.7430140487566169
0.26861477986878357 0.6547929498371329
0.6622072328153045 0.024932181027390365
0.7389998183359799 0.707221200324613
0.05165547104129464 0.25936425507981975
0.9192416942586354 0.5851868457099454
0.10128686926110786 0.6242591717160443
0.6766323111135655 0.34723484960020523
166
0 7
0 10
0 17
0 4
0 1
0 14
0 11
0 5
0 15
0 12
0 19
0 6
0 9
0 3
0 13
1 17
1 6
1 11
1 12
1 15
1 16
1 5
1 10
1 19
1 3
1 14
1 4
1 9
1 18
1 7
1 2
1 13
1 8
2 5
2 11
2 18
2 12
2 7
2 8
2 13
2 3
2 4
2 9
2 16
2 15
3 7
3 12
3 18
3 11
3 17
3 6
3 5
3 15
3 10
3 16
3 9
3 4
3 14
3 13
3 19
3 8
4 19
4 10
4 5
4 16
4 15
4 12
4 11
4 6
4 17
4 8
4 13
4 7
4 18
4 9
5 8
5 18
5 11
5 14
5 17
5 7
5 13
5 16
5 9
5 6
5 19
5 12
5 15
6 9
6 7
6 13
6 16
6 14
6 11
6 17
6 15
6 18
6 8
6 12
6 19
7 12
7 19
7 8
7 15
7 18
7 17
7 11
7 14
7 13
7 16
7 10
7 9
8 15
8 18
8 9
8 13
8 19
8 16
8 14
8 11
9 14
9 16
9 19
9 13
9 18
9 11
9 12
9 15
9 17
10 17
10 13
10 19
10 15
10 11
10 12
11 15
11 16
11 14
11 19
11 13
11 18
11 12
11 17
12 17
12 13
12 18
12 14
12 19
12 15
13 17
13 16
13 19
13 15
13 18
13 14
14 17
14 15
14 19
14 16
15 19
15 18
15 17
16 19
16 18
17 19
18 19
