14
0.5932968191587825 0.2980227920762347
0.774681095050217 0.8023156325849627
0.7961573776980887 0.396169897453414
0.06580064752214698 0.6790591278038264
0.20431405485678278 0.08488928638850601
0.13301985603760513 0.07071178188673011
0.27950790970000183 0.8796337065868516
0.6668901437738286 0.4031901308281778
0.9668420767993623 0.7632523773983579
0.6019910422407965 0.6818384500236944
0.8647420008259052 0.5897726565633092
0.7864425749093022 0.06258710742392337
0.8407436693664219 0.36640725601565205
0.5090148979566957 0.14155338841470577
7
0 13
0 7
1 8
2 7
2 12
4 5
7 12
