18
0.7737789540228529 0.7217426339718276
0.7036423009381466 0.3447606634875079
0.7189231726582785 0.47345584532143736
0.3813908596608657 0.3237458392862559
0.9189364354791272 0.42470506217402815
0.39409755593096063 0.47802111754174437
0.4733651232642738 0.9300042694145586
0.7911054614689479 0.9368821894356189
0.379162783287192 0.6683845786022622
0.8884447090036718 0.9921350883180898
0.5222630297364468 0.35338683516944736
0.7835625701013039 0.9162107807420088
0.5283031415093277 0.08646268232245102
0.08563701251456313 0.8216338308200212
0.3205279036548909 0.25417819374497364
0.34460665211303343 0.864552510814629
0.6994635026477165 0.3477999980457793
0.7500318255526871 0.6713042155377351
131
0 7
0 10
0 17
0 4
0 1
0 14
0 11
0 5
0 8
0 2
0 15
0 12
0 6
0 9
0 16
0 3
0 13
1 17
1 6
1 11
1 12
1 15
1 16
1 5
1 10
1 3
1 14
1 4
1 9
1 7
1 2
1 8
2 5
2 6
2 17
2 11
2 12
2 7
2 8
2 3
2 14
2 4
2 9
2 16
2 10
2 15
3 12
3 17
3 6
3 5
3 15
3 10
3 16
3 4
3 14
3 13
3 8
4 10
4 5
4 16
4 12
4 11
4 6
4 17
4 8
4 7
4 9
4 14
5 8
5 11
5 14
5 17
5 10
5 7
5 13
5 16
5 6
5 12
5 15
6 9
6 7
6 10
6 13
6 16
6 14
6 11
6 17
6 15
6 8
7 8
7 15
7 17
7 11
7 16
7 10
7 9
8 15
8 12
8 9
8 13
8 10
8 16
8 14
8 11
8 17
9 16
9 11
9 15
9 17
10 17
10 13
10 14
10 15
10 16
10 11
10 12
11 15
11 16
11 17
12 17
12 14
12 16
13 17
13 15
13 14
14 17
14 15
14 16
15 16
15 17
16 17
