16
0.2521901006873618 0.35902891627799804
0.8639276711513413 0.39763367049133247
0.7591187829598174 0.33878634039657507
0.5403796361633223 0.5054455542320047
0.3918237886232664 0.3749172372676304
0.5420987573437297 0.1550290542570788
0.4687680767763899 0.9702069041553617
0.929798149904096 0.23376225887797353
0.5541301607802096 0.1586511552222084
0.5483331490515174 0.4070365159167695
0.99067847360546 0.6221016938093836
0.4752006641528549 0.520449100910373
0.9275561591627798 0.8605324794445073
0.13532802187349402 0.3671255536352651
0.4330913115395628 0.4934192689325353
0.950219761120348 0.8846993121323704
16
0 13
0 4
1 2
1 7
3 11
3 9
3 4
3 14
4 9
4 14
4 11
5 8
9 14
9 11
11 14
12 15
