20
0.26467646316562765 0.329189974295912
0.07756274360189352 0.10784275717914904
0.4040059318404089 0.09710631449655482
0.678006267508965 0.3385374531925093
0.07734136376039402 0.4609982126269899
0.741778304560667 0.7789394879947484
0.627586982143658 0.9742179215298647
0.41216015357098035 0.245201739959804
0.5253356156103753 0.6042930772151103
0.3646912481928035 0.6181257061380039
0.35930652267945973 0.26428135016524446
0.7122346699248602 0.7184389194433368
0.9594921874011131 0.6818356819007003
0.44403509748481984 0.5643363655939605
0.9734690306804472 0.6638466889626222
0.40361178586686364 0.0364520633813713
0.6899625896297092 0.05503696880452902
0.30854062563500695 0.9718861623592239
0.8464740777758941 0.3890911672313252
0.7836568327540259 0.3726477044763765
187
0 7
0 10
0 17
0 4
0 1
0 14
0 11
0 18
0 5
0 8
0 2
0 15
0 12
0 19
0 6
0 9
0 16
0 3
0 13
1 17
1 11
1 15
1 16
1 5
1 10
1 19
1 3
1 4
1 9
1 18
1 7
1 2
1 13
1 8
2 5
2 6
2 17
2 11
2 18
2 12
2 7
2 8
2 19
2 13
2 3
2 14
2 4
2 9
2 16
2 10
2 15
3 7
3 12
3 18
3 11
3 17
3 6
3 5
3 15
3 10
3 16
3 9
3 4
3 14
3 13
3 19
3 8
4 19
4 10
4 5
4 16
4 15
4 12
4 11
4 6
4 17
4 8
4 13
4 7
4 18
4 9
4 14
5 8
5 18
5 11
5 14
5 17
5 10
5 7
5 13
5 16
5 9
5 6
5 19
5 12
5 15
6 9
6 7
6 10
6 13
6 16
6 14
6 11
6 17
6 15
6 18
6 8
6 12
6 19
7 12
7 19
7 8
7 15
7 18
7 17
7 11
7 14
7 13
7 16
7 10
7 9
8 15
8 12
8 18
8 9
8 13
8 19
8 10
8 16
8 14
8 11
8 17
9 14
9 16
9 19
9 13
9 18
9 11
9 12
9 15
9 17
9 10
10 17
10 18
10 13
10 14
10 19
10 15
10 16
10 11
10 12
11 15
11 16
11 14
11 19
11 13
11 18
11 12
11 17
12 17
12 13
12 18
12 14
12 19
12 16
12 15
13 17
13 16
13 19
13 15
13 18
13 14
14 17
14 18
14 15
14 19
14 16
15 16
15 19
15 18
15 17
16 19
16 17
16 18
17 18
17 19
18 19
