18
0.981701555139032 0.7005573678468056
0.12080260373218499 0.3411915367443916
0.9953452901395463 0.814079087739076
0.36167919358862866 0.6100819677676776
0.695997086013164 0.1889208578420195
0.9989318601880893 0.4509534328531536
0.0189671622520986 0.0681142862521481
0.812703556240295 0.29607096121391985
0.06556730866233484 0.6359346306778639
0.19485372957932956 0.9696362691299987
0.8274843660453848 0.08561062737282532
0.425067499583589 0.4833619751600374
0.5340763735442443 0.6354589409704822
0.4263677539817604 0.6366177826642726
0.5824202290089021 0.588103892228036
0.5243665698728549 0.6867506130930882
0.0957525240674687 0.45681111922770934
0.3692780274919917 0.44300988887525095
149
0 7
0 10
0 17
0 4
0 1
0 14
0 11
0 5
0 8
0 2
0 15
0 12
0 9
0 16
0 3
0 13
1 17
1 6
1 11
1 12
1 15
1 16
1 5
1 10
1 3
1 14
1 4
1 9
1 7
1 2
1 13
1 8
2 5
2 17
2 11
2 12
2 7
2 8
2 13
2 3
2 14
2 4
2 9
2 16
2 10
2 15
3 7
3 12
3 11
3 17
3 6
3 5
3 15
3 10
3 16
3 9
3 4
3 14
3 13
3 8
4 10
4 5
4 16
4 15
4 12
4 11
4 6
4 17
4 8
4 13
4 7
4 9
4 14
5 8
5 11
5 14
5 17
5 10
5 7
5 13
5 16
5 9
5 12
5 15
6 9
6 7
6 10
6 13
6 16
6 14
6 11
6 17
6 15
6 8
6 12
7 12
7 8
7 15
7 17
7 11
7 14
7 13
7 16
7 10
7 9
8 15
8 12
8 9
8 13
8 10
8 16
8 14
8 11
8 17
9 14
9 16
9 13
9 11
9 12
9 15
9 17
10 17
10 13
10 14
10 15
10 16
10 11
10 12
11 15
11 16
11 14
11 13
11 12
11 17
12 17
12 13
12 14
12 16
12 15
13 17
13 16
13 15
13 14
14 17
14 15
14 16
15 16
15 17
16 17
