14
0.32681947089951935 0.30350396224435217
0.5489780343126128 0.4954234754706718
0.03266017682581002 0.9926902420760774
0.8846666724394311 0.1277506698459876
0.9264111126219321 0.7093307394106909
0.47829559885865314 0.12290422219982944
0.3353410905693991 0.28251313004783607
0.6682355604406449 0.059613300871761976
0.7612808533705241 0.8744734868020323
0.46299721489794876 0.6614088792210606
0.6622229419878388 0.37415673649445236
0.6420057318022222 0.7757171507405407
0.4603317089273641 0.9059339521443514
0.6641846249150365 0.22244826000980722
6
0 6
1 9
1 10
7 13
8 11
10 13
