20
0.052496733667719564 0.41763016135265985
0.3114127245926176 0.7245011950268213
0.7369591072076047 0.4201619254892106
0.9069899461535249 0.5929303788292701
0.022176151115755216 0.622141440356272
0.36941339116054084 0.20685557652825626
0.8578553118062016 0.17097180759744568
0.8404464004583553 0.964198107641506
0.39736441340432305 0.5282268129217956
0.49234304921126426 0.8847872369725543
0.35482452546392707 0.32657170032600047
0.9339718716247694 0.8387677950341815
0.2620375414689906 0.548529566416825
0.7911283610280596 0.8256303309327847
0.1223373987188422 0.11277793719587448
0.7365732102351552 0.9970625366994303
0.2481840073163527 0.7994418399158453
0.12170848644478072 0.8980865835582912
0.36149437719970146 0.7293400534906846
0.7964168320947104 0.8696317744860065
160
0 10
0 17
0 4
0 1
0 14
0 18
0 5
0 8
0 2
0 12
0 9
0 16
1 17
1 6
1 11
1 12
1 15
1 16
1 5
1 10
1 19
1 3
1 14
1 4
1 9
1 18
1 7
1 2
1 13
1 8
2 5
2 6
2 17
2 11
2 18
2 12
2 7
2 8
2 19
2 13
2 3
2 14
2 4
2 9
2 16
2 10
2 15
3 7
3 12
3 18
3 11
3 6
3 5
3 15
3 10
3 16
3 9
3 13
3 19
3 8
4 10
4 5
4 16
4 12
4 17
4 8
4 13
4 18
4 9
4 14
5 8
5 18
5 14
5 17
5 10
5 13
5 16
5 9
5 6
5 19
5 12
6 7
6 10
6 13
6 14
6 11
6 18
6 8
6 12
6 19
7 12
7 19
7 8
7 15
7 18
7 17
7 11
7 13
7 16
7 9
8 15
8 12
8 18
8 9
8 13
8 19
8 10
8 16
8 14
8 11
8 17
9 16
9 19
9 13
9 18
9 11
9 12
9 15
9 17
9 10
10 17
10 18
10 13
10 14
10 19
10 15
10 16
10 11
10 12
11 15
11 16
11 19
11 13
11 18
11 12
12 17
12 13
12 18
12 14
12 19
12 16
12 15
13 17
13 16
13 19
13 15
13 18
14 17
14 18
14 16
15 16
15 19
15 18
15 17
16 19
16 17
16 18
17 18
17 19
18 19
