20
0.8980234395090028 0.6031160518950937
0.9840680679417638 0.1650037964832527
0.6692185921792981 0.9128194826175711
0.009289035909447185 0.8544440442404622
0.9321668490156344 0.8265793340067861
0.8035798758162401 0.2073406808913174
0.9666039740264658 0.19067550204751282
0.7909084277732648 0.24316112734939843
0.6843031756800053 0.036258434094567416
0.5715100301887387 0.5791667425202791
0.16125328683869566 0.1171674641653504
0.5351713698199381 0.7072336574318834
0.9998891979682392 0.045466719684471246
0.26428651379828083 0.3896498708019225
0.06053463616388155 0.24366551356858668
0.7846760871041497 0.9310548091749545
0.7272255319821067 0.8094446066946132
0.45151466204305213 0.019929967926266
0.07600533810429078 0.9566343642497177
0.8293853945629394 0.6052964175270272
87
0 7
0 4
0 1
0 11
0 5
0 2
0 15
0 12
0 19
0 6
0 9
0 16
1 17
1 6
1 12
1 5
1 19
1 9
1 7
1 8
2 11
2 18
2 19
2 4
2 9
2 16
2 15
3 18
3 11
3 13
4 19
4 16
4 15
4 11
4 9
5 8
5 11
5 17
5 7
5 13
5 9
5 6
5 19
5 12
6 9
6 7
6 17
6 8
6 12
6 19
7 12
7 19
7 8
7 17
7 11
7 13
7 16
7 9
8 12
8 9
8 13
8 19
8 10
8 17
9 16
9 19
9 13
9 11
9 15
9 17
10 17
10 13
10 14
11 15
11 16
11 19
11 13
11 18
12 17
12 19
13 17
13 18
13 14
14 17
15 16
15 19
16 19
